20231130|1775|M1775|0|| |02/11/2023|174|1|
20231130|2421|M2421|0|| |06/11/2023|254.24|1|
20231130|2431|M2431|0|| |02/11/2023|1775|1|
20231031|4428|M4428|0|| |31/10/2023|58343.99|1|
20231130|6475|M6475|0|| |09/11/2023|-750|1|
20231130|7340|M7340|0|| |10/11/2023|-1442.16|1|
20231130|8254|M8254|0|| |02/11/2023|1284.76|1|
20231130|8276|M8276|0|| |02/11/2023|98.95|1|
20231130|8280|M8280|0|| |02/11/2023|112|1|
20231130|8293|M8293|0|| |02/11/2023|57|1|
20231130|8720|M8720|0|| |03/11/2023|-350.5|1|
20231130|8722|M8722|0|| |03/11/2023|-72.37|1|
20231130|8730|M8730|0|| |03/11/2023|6533.6|1|
20231130|8869|M8869|0|| |28/11/2023|-1851.26|1|
20231130|9125|M9125|0|| |07/11/2023|-321|1|
20231130|9131|M9131|0|| |07/11/2023|1970|1|
20231130|9236|M9236|0|| |09/11/2023|-636.5|1|
20231130|9243|M9243|0|| |09/11/2023|511.01|1|
20231130|9245|M9245|0|| |10/11/2023|-744|1|
20231130|9246|M9246|0|| |10/11/2023|-297|1|
20231130|9247|M9247|0|| |10/11/2023|-142|1|
20231130|9249|M9249|0|| |10/11/2023|1442.16|1|
20231130|9274|M9274|0|| |15/11/2023|-120|1|
20231130|11309|M11309|0|| |10/11/2023|950|1|
20231130|11431|M11431|0|| |10/11/2023|140|1|
20231130|11680|M11680|0|| |02/11/2023|793.5|1|
20231130|11681|M11681|0|| |02/11/2023|200|1|
20231130|11682|M11682|0|| |02/11/2023|910|1|
20231130|11683|M11683|0|| |02/11/2023|950|1|
20231130|11684|M11684|0|| |02/11/2023|600|1|
20231130|11685|M11685|0|| |02/11/2023|650|1|
20231130|11686|M11686|0|| |02/11/2023|717.5|1|
20231130|11687|M11687|0|| |02/11/2023|475.9|1|
20231130|11688|M11688|0|| |02/11/2023|800|1|
20231130|11689|M11689|0|| |02/11/2023|760|1|
20231130|11690|M11690|0|| |02/11/2023|120|1|
20231130|11691|M11691|0|| |02/11/2023|135|1|
20231130|11692|M11692|0|| |02/11/2023|120|1|
20231130|11693|M11693|0|| |02/11/2023|890|1|
20231130|11694|M11694|0|| |02/11/2023|840|1|
20231130|11695|M11695|0|| |02/11/2023|800|1|
20231130|11696|M11696|0|| |02/11/2023|810|1|
20231130|11697|M11697|0|| |02/11/2023|740|1|
20231130|11698|M11698|0|| |02/11/2023|273|1|
20231130|11699|M11699|0|| |02/11/2023|700|1|
20231130|11700|M11700|0|| |02/11/2023|600|1|
20231130|11701|M11701|0|| |02/11/2023|320|1|
20231130|11702|M11702|0|| |02/11/2023|270|1|
20231130|11703|M11703|0|| |02/11/2023|310|1|
20231130|11704|M11704|0|| |02/11/2023|350|1|
20231130|11705|M11705|0|| |02/11/2023|340|1|
20231130|11706|M11706|0|| |02/11/2023|350|1|
20231130|11707|M11707|0|| |02/11/2023|320|1|
20231130|11708|M11708|0|| |02/11/2023|970|1|
20231130|11709|M11709|0|| |02/11/2023|960|1|
20231130|11710|M11710|0|| |02/11/2023|510|1|
20231130|11711|M11711|0|| |02/11/2023|900|1|
20231130|11712|M11712|0|| |02/11/2023|940|1|
20231130|11713|M11713|0|| |02/11/2023|950|1|
20231130|11714|M11714|0|| |02/11/2023|850|1|
20231130|11715|M11715|0|| |02/11/2023|850|1|
20231130|11716|M11716|0|| |02/11/2023|950|1|
20231130|11717|M11717|0|| |02/11/2023|750|1|
20231130|11718|M11718|0|| |02/11/2023|980|1|
20231130|11719|M11719|0|| |02/11/2023|268|1|
20231130|11720|M11720|0|| |02/11/2023|300|1|
20231130|11721|M11721|0|| |02/11/2023|800|1|
20231130|11722|M11722|0|| |02/11/2023|860|1|
20231130|11723|M11723|0|| |02/11/2023|750|1|
20231130|11724|M11724|0|| |02/11/2023|500|1|
20231130|11782|M11782|0|| |02/11/2023|760|1|
20231130|12435|M12435|0|| |20/11/2023|-1500|1|
20231130|12440|M12440|0|| |15/11/2023|675|1|
20231130|12778|M12778|0|| |10/11/2023|400|1|
20231130|12779|M12779|0|| |14/11/2023|400|1|
20231130|12784|M12784|0|| |15/11/2023|400|1|
20231130|12893|M12893|0|| |15/11/2023|400|1|
20231130|13015|M13015|0|| |02/11/2023|-750|1|
20231130|13017|M13017|0|| |02/11/2023|750|1|
20231130|13392|M13392|0|| |10/11/2023|900|1|
20231130|13400|M13400|0|| |10/11/2023|890|1|
20231130|13402|M13402|0|| |10/11/2023|860|1|
20231130|13409|M13409|0|| |10/11/2023|850|1|
20231130|13415|M13415|0|| |10/11/2023|800|1|
20231130|13419|M13419|0|| |10/11/2023|750|1|
20231130|13421|M13421|0|| |10/11/2023|700|1|
20231130|13526|M13526|0|| |10/11/2023|600|1|
20231130|13530|M13530|0|| |10/11/2023|300|1|
20231130|13801|M13801|0|| |10/11/2023|750|1|
20231130|13987|M13987|0|| |13/11/2023|2134.78|1|
20231231|13990|M13990|0|| |12/12/2023|-385.5|1|
20231130|14373|M14373|0|| |17/11/2023|2780|1|
20231231|14478|M14478|0|| |09/12/2023|-16|1|
20231231|14479|M14479|0|| |08/12/2023|-279|1|
20231231|14480|M14480|0|| |09/12/2023|-163.5|1|
20231231|14482|M14482|0|| |09/12/2023|-608.5|1|
20231231|14483|M14483|0|| |09/12/2023|-208|1|
20231231|14581|M14581|0|| |09/12/2023|-517.1|1|
20231130|14684|M14684|0|| |17/11/2023|1615.11|1|
20231130|14857|M14857|0|| |17/11/2023|900|1|
20231130|14858|M14858|0|| |17/11/2023|900|1|
20231130|14864|M14864|0|| |17/11/2023|800|1|
20231130|14865|M14865|0|| |17/11/2023|800|1|
20231130|14870|M14870|0|| |17/11/2023|750|1|
20231130|14874|M14874|0|| |17/11/2023|750|1|
20231130|14879|M14879|0|| |17/11/2023|700|1|
20231130|14881|M14881|0|| |17/11/2023|650|1|
20231130|14882|M14882|0|| |17/11/2023|500|1|
20231130|14887|M14887|0|| |17/11/2023|340|1|
20231130|14888|M14888|0|| |17/11/2023|130|1|
20231130|15468|M15468|0|| |23/11/2023|-750|1|
20231231|15591|M15591|0|| |09/12/2023|-793.5|1|
20231130|15592|M15592|0|| |23/11/2023|-599.5|1|
20231130|15593|M15593|0|| |23/11/2023|-475.9|1|
20231231|15595|M15595|0|| |09/12/2023|-640.9|1|
20231130|15596|M15596|0|| |23/11/2023|-273|1|
20231130|15597|M15597|0|| |23/11/2023|-340|1|
20231130|15599|M15599|0|| |23/11/2023|-940|1|
20231231|15600|M15600|0|| |09/12/2023|-553|1|
20231231|15601|M15601|0|| |09/12/2023|-800.2|1|
20231130|15729|M15729|0|| |23/11/2023|-910|1|
20231130|15730|M15730|0|| |23/11/2023|-717.5|1|
20231231|15731|M15731|0|| |09/12/2023|-840|1|
20231130|15732|M15732|0|| |23/11/2023|-350|1|
20231130|15733|M15733|0|| |23/11/2023|-900|1|
20231231|16154|M16154|0|| |09/12/2023|-383.7|1|
20231130|16823|M16823|0|| |24/11/2023|-227.63|1|
20231231|16824|M16824|0|| |08/12/2023|-890|1|
20231130|16825|M16825|0|| |24/11/2023|-310|1|
20231130|16826|M16826|0|| |24/11/2023|-300|1|
20231130|16934|M16934|0|| |24/11/2023|-268|1|
20231130|17038|M17038|0|| |24/11/2023|-320|1|
20231231|17141|M17141|0|| |09/12/2023|-806.3|1|
20231130|18810|M18810|0|| |25/11/2023|-970|1|
20231130|20022|M20022|0|| |25/11/2023|-270|1|
20231231|25318|M25318|0|| |14/12/2023|-1570.5|1|
20231130|25940|M25940|0|| |02/11/2023|-1284.76|1|
20231231|25953|M25953|0|| |14/12/2023|-2344.34|1|
20231130|27209|M27209|0|| |28/11/2023|-950|1|
20231130|28457|M28457|0|| |24/11/2023|1000|1|
20231130|28458|M28458|0|| |24/11/2023|600|1|
20231130|28559|M28559|0|| |24/11/2023|400|1|
20231130|33010|M33010|0|| |02/11/2023|-28992.9|1|
20231231|35059|M35059|0|| |06/12/2023|-1896.61|1|
20231130|36473|M36473|0|| |24/11/2023|1500|1|
20231130|36476|M36476|0|| |24/11/2023|750|1|
20231130|36578|M36578|0|| |24/11/2023|950|1|
20231130|36579|M36579|0|| |24/11/2023|890|1|
20231130|36580|M36580|0|| |24/11/2023|850|1|
20231130|36582|M36582|0|| |24/11/2023|810|1|
20231130|36583|M36583|0|| |24/11/2023|780|1|
20231130|36585|M36585|0|| |24/11/2023|700|1|
20231130|36686|M36686|0|| |24/11/2023|700|1|
20231130|36687|M36687|0|| |24/11/2023|660|1|
20231130|36689|M36689|0|| |24/11/2023|320|1|
20231130|36692|M36692|0|| |24/11/2023|300|1|
20231130|36693|M36693|0|| |24/11/2023|125|1|
20231130|36694|M36694|0|| |24/11/2023|411.41|1|
20231130|36696|M36696|0|| |24/11/2023|300|1|
20231130|37333|M37333|0|| |25/11/2023|-435.66|1|
20231130|37371|M37371|0|| |28/11/2023|1851.26|1|
20231130|37376|M37376|0|| |28/11/2023|300|1|
20231130|37385|M37385|0|| |29/11/2023|-770.8|1|
20231130|37398|M37398|0|| |30/11/2023|-87.5|1|
20231130|37399|M37399|0|| |11/11/2023|-399.5|1|
20231130|37400|M37400|0|| |12/11/2023|-677.6|1|
20231130|37401|M37401|0|| |12/11/2023|-201.5|1|
20231130|37402|M37402|0|| |12/11/2023|-159.1|1|
20231130|37403|M37403|0|| |12/11/2023|-53.5|1|
20231130|37404|M37404|0|| |17/11/2023|-720.5|1|
20231130|37405|M37405|0|| |17/11/2023|-557|1|
20231130|37406|M37406|0|| |17/11/2023|-154.5|1|
20231130|37407|M37407|0|| |20/11/2023|-232.9|1|
20231130|37408|M37408|0|| |20/11/2023|-173.7|1|
20231130|37409|M37409|0|| |30/11/2023|-15461.63|1|
20231130|38047|M38047|0|| |17/11/2023|528.9|1|
20231130|38048|M38048|0|| |17/11/2023|436|1|
20231130|38149|M38149|0|| |17/11/2023|388.3|1|
20231130|38150|M38150|0|| |17/11/2023|379.4|1|
20231130|38151|M38151|0|| |17/11/2023|351|1|
20231130|38152|M38152|0|| |17/11/2023|161.5|1|
20231130|38153|M38153|0|| |17/11/2023|74|1|
20231130|38294|M38294|0|| |29/11/2023|-52.9|1|
20231130|40882|M40882|0|| |30/11/2023|-869.85|1|
20231231|41865|M41865|0|| |05/12/2023|-240.02|1|
20231231|42296|M42296|0|| |08/12/2023|-960|1|
20231231|42297|M42297|0|| |12/12/2023|-320|1|
20231231|42298|M42298|0|| |12/12/2023|-760|1|
20231231|42299|M42299|0|| |12/12/2023|-510|1|
20231231|42300|M42300|0|| |05/12/2023|-200|1|
20231130|43317|M43317|0|| |30/11/2023|869.85|1|
20231130|43425|M43425|0|| |09/11/2023|250|1|
20231130|45388|M45388|0|| |17/11/2023|-74|1|
20231130|45403|M45403|0|| |17/11/2023|-61|1|
20231130|45405|M45405|0|| |17/11/2023|-121.9|1|
20231130|45408|M45408|0|| |17/11/2023|-294|1|
20231130|45411|M45411|0|| |17/11/2023|-52|1|
20231130|45414|M45414|0|| |17/11/2023|-88.8|1|
20231130|45415|M45415|0|| |17/11/2023|-102.5|1|
20231130|45416|M45416|0|| |17/11/2023|-197|1|
20231130|45417|M45417|0|| |17/11/2023|-379.4|1|
20231130|45418|M45418|0|| |17/11/2023|-351|1|
20231130|45421|M45421|0|| |17/11/2023|-161.5|1|
20231231|46515|M46515|0|| |09/12/2023|-229.5|1|
20231231|46784|M46784|0|| |07/12/2023|93.93|1|
20231231|49883|M49883|0|| |12/12/2023|-835.8|1|
20231231|49884|M49884|0|| |12/12/2023|-318|1|
20231231|49885|M49885|0|| |12/12/2023|-331.45|1|
20231231|49886|M49886|0|| |12/12/2023|-800|1|
20231231|49887|M49887|0|| |12/12/2023|-800|1|
20231231|49888|M49888|0|| |12/12/2023|-900|1|
20231231|49889|M49889|0|| |12/12/2023|-419|1|
20231231|51503|M51503|0|| |12/12/2023|-416.3|1|
20231231|51504|M51504|0|| |12/12/2023|-282|1|
20231231|51505|M51505|0|| |12/12/2023|-278|1|
20231231|51506|M51506|0|| |12/12/2023|-81|1|
20231231|51507|M51507|0|| |12/12/2023|-415|1|
20231231|55008|M55008|0|| |18/12/2023|-62.4|1|
20231231|55155|M55155|0|| |18/12/2023|-143|1|
20231231|55156|M55156|0|| |18/12/2023|-596.5|1|
20231231|55157|M55157|0|| |18/12/2023|-85|1|
20231231|55158|M55158|0|| |18/12/2023|-595.5|1|
20231231|55159|M55159|0|| |18/12/2023|-600|1|
20231231|55160|M55160|0|| |18/12/2023|-899|1|
20231231|55161|M55161|0|| |18/12/2023|-179.2|1|
20231231|56103|M56103|0|| |01/12/2023|960|1|
20231231|56104|M56104|0|| |01/12/2023|950|1|
20231231|56118|M56118|0|| |01/12/2023|940|1|
20231231|56119|M56119|0|| |01/12/2023|850|1|
20231231|56120|M56120|0|| |01/12/2023|810|1|
20231231|56124|M56124|0|| |01/12/2023|800|1|
20231231|56125|M56125|0|| |01/12/2023|790|1|
20231231|56127|M56127|0|| |01/12/2023|650|1|
20231231|56128|M56128|0|| |01/12/2023|340|1|
20231231|56130|M56130|0|| |01/12/2023|300|1|
20231231|56131|M56131|0|| |01/12/2023|100|1|
20231231|56244|M56244|0|| |02/12/2023|-464.5|1|
20231231|56246|M56246|0|| |02/12/2023|-72.3|1|
20231231|56289|M56289|0|| |03/12/2023|-54.2|1|
20231231|56290|M56290|0|| |03/12/2023|-15|1|
20231231|56637|M56637|0|| |04/12/2023|-344|1|
20231231|56709|M56709|0|| |05/12/2023|198789.99|1|
20231231|56710|M56710|0|| |05/12/2023|197938.26|1|
20231231|56711|M56711|0|| |05/12/2023|197567.02|1|
20231231|56712|M56712|0|| |05/12/2023|185398.21|1|
20231231|56713|M56713|0|| |05/12/2023|90692.23|1|
20231231|56761|M56761|0|| |05/12/2023|-59.98|1|
20231231|56890|M56890|0|| |07/12/2023|1896.61|1|
20231231|57025|M57025|0|| |19/12/2023|-750|1|
20231231|57026|M57026|0|| |19/12/2023|-350.2|1|
20231231|57027|M57027|0|| |19/12/2023|-333.5|1|
20231231|57028|M57028|0|| |19/12/2023|-176|1|
20231231|57029|M57029|0|| |19/12/2023|-261|1|
20231231|57030|M57030|0|| |20/12/2023|-707.7|1|
20231231|57031|M57031|0|| |20/12/2023|-875|1|
20231231|57032|M57032|0|| |20/12/2023|-466|1|
20231231|57033|M57033|0|| |20/12/2023|-22|1|
20231231|57035|M57035|0|| |20/12/2023|-110|1|
20231231|57037|M57037|0|| |20/12/2023|-139.5|1|
20231231|57038|M57038|0|| |20/12/2023|-345.5|1|
20231231|57039|M57039|0|| |20/12/2023|-79.02|1|
20231231|57040|M57040|0|| |20/12/2023|-455.8|1|
20231231|57041|M57041|0|| |20/12/2023|-701.5|1|
20231231|57336|M57336|0|| |20/12/2023|-850|1|
