20231031|1821105|0.00|0.00|40657.44|0.00|40657.44|0.00|34849.23|0.00|0.00|0.00|40657.44|0.00|0.00|0.00|0.00|0.00|1|
20231231|7599108|0.00|0.00|0.00|177.34|0.00|177.34|0.00|0.00|0.00|0.00|0.00|0.00|0.00|177.34|0.00|0.00|1|
20231031|1911201|0.00|0.00|0.00|64625.37|0.00|64625.37|0.00|0.00|0.00|0.00|64625.37|0.00|0.00|0.00|0.00|0.00|1|
20231231|4221101|0.00|0.00|3726.31|0.00|3726.31|0.00|174997.77|0.00|0.00|0.00|0.00|0.00|0.00|0.00|0.00|0.00|1|
20231031||0.00|0.00|0.53|0.48|0.53|0.48|12.12|0.00|0.00|0.00|0.00|0.00|0.00|0.00|0.00|0.00|1|
20231130|2524101|0.00|0.00|226.19|226.19|226.19|226.19|0.00|0.00|0.00|0.00|0.00|0.00|0.00|0.00|0.00|0.00|1|
20231130|4171101|0.00|0.00|74038.37|74038.37|74038.37|74038.37|57533.55|0.00|0.00|0.00|0.00|0.00|0.00|0.00|0.00|0.00|1|
20231231|1213201|0.00|0.00|1932003.07|1460709.58|1932003.07|1460709.58|3273198545.75|0.00|0.00|0.00|471293.49|0.00|0.00|0.00|0.00|0.00|1|
20230531|1213201|0.00|0.00|0.00|0.01|0.00|0.01|2785700.89|0.00|0.00|0.00|0.00|0.00|0.00|0.00|0.00|0.00|1|
20231031|4031102|0.00|0.00|0.00|10.00|0.00|10.00|0.00|0.00|0.00|0.00|0.00|10.00|0.00|0.00|0.00|0.00|1|
20231031|4241101|0.00|0.00|0.00|1200.00|0.00|1200.00|0.00|0.00|0.00|0.00|0.00|1200.00|0.00|0.00|0.00|0.00|1|
20231130|1699101|0.00|0.00|978.58|1459.72|978.58|1459.72|96818.04|0.00|0.00|0.00|0.00|0.00|0.00|0.00|0.00|0.00|1|
20231130|6221102|0.00|0.00|61511.80|0.00|61511.80|0.00|1277146.26|0.00|0.00|0.00|0.00|0.00|0.00|0.00|0.00|0.00|1|
20231130|6221106|0.00|0.00|1614.51|0.00|1614.51|0.00|21120.00|0.00|0.00|0.00|0.00|0.00|0.00|0.00|0.00|0.00|1|
20231130|6273101|0.00|0.00|558.28|0.00|558.28|0.00|82539.99|0.00|0.00|0.00|0.00|0.00|0.00|0.00|0.00|0.00|1|
20231031|6343105|0.00|0.00|90548.43|0.00|90548.43|0.00|181096.86|0.00|0.00|0.00|0.00|0.00|0.00|0.00|0.00|0.00|1|
20231031|6343109|0.00|0.00|1662.23|0.00|1662.23|0.00|7682.80|0.00|0.00|0.00|0.00|0.00|0.00|0.00|0.00|0.00|1|
20231231|6393108|0.00|0.00|967.83|0.00|967.83|0.00|23332.74|0.00|0.00|0.00|0.00|0.00|0.00|0.00|0.00|0.00|1|
20231031|6393108|0.00|0.00|9730.71|0.00|9730.71|0.00|23332.74|0.00|0.00|0.00|0.00|0.00|0.00|0.00|0.00|0.00|1|
20231031|6393112|0.00|0.00|42.90|0.00|42.90|0.00|356.79|0.00|0.00|0.00|0.00|0.00|0.00|0.00|0.00|0.00|1|
20231130|6593101|0.00|0.00|49.72|0.49|49.72|0.49|27324.36|0.00|0.00|0.00|0.00|0.00|0.00|0.00|0.00|0.00|1|
20231031|6731101|0.00|0.00|267654.12|0.00|267654.12|0.00|585586.16|0.00|0.00|0.00|0.00|0.00|0.00|0.00|0.00|0.00|1|
20231031|6561105|0.00|0.00|65780.97|0.00|65780.97|0.00|2225060.55|0.00|0.00|0.00|0.00|0.00|0.00|0.00|0.00|0.00|1|
20231130|6593112|0.00|0.00|18763.42|0.00|18763.42|0.00|405049.16|0.00|0.00|0.00|0.00|0.00|0.00|0.00|0.00|0.00|1|
20231031|7599103|0.00|0.00|0.00|26637.77|0.00|26637.77|0.00|0.00|0.00|0.00|0.00|0.00|0.00|26637.77|0.00|0.00|1|
20231130|1221203|0.00|0.00|299433.25|96183.57|299433.25|96183.57|144612143.17|0.00|0.00|0.00|203249.68|0.00|0.00|0.00|0.00|0.00|1|
20231031|6215101|0.00|0.00|793810.96|0.00|793810.96|0.00|35978747.09|0.00|0.00|0.00|0.00|0.00|0.00|0.00|0.00|0.00|1|
20231130|6215101|0.00|0.00|76987.59|0.00|76987.59|0.00|41813138.51|0.00|0.00|0.00|0.00|0.00|0.00|0.00|0.00|0.00|1|
20231231|6221109|0.00|0.00|60.00|0.00|60.00|0.00|3840.00|0.00|0.00|0.00|0.00|0.00|0.00|0.00|0.00|0.00|1|
20231130|1010101|0.00|0.00|868.10|868.10|868.10|868.10|0.00|0.00|0.00|0.00|0.00|0.00|0.00|0.00|0.00|0.00|1|
20231031|6329104|0.00|0.00|1872968.58|48239.34|1872968.58|48239.34|36742198.08|0.00|0.00|0.00|0.00|0.00|0.00|0.00|0.00|0.00|1|
20231130|1062105|0.00|0.00|352000.00|352000.00|352000.00|352000.00|0.00|0.00|0.00|0.00|0.00|0.00|0.00|0.00|0.00|0.00|1|
20231031|4699105|0.00|0.00|0.00|15876.46|0.00|15876.46|0.00|0.00|0.00|0.00|0.00|15876.46|0.00|0.00|0.00|0.00|1|
20231130|6371106|0.00|0.00|13953.20|0.00|13953.20|0.00|1448713.98|0.00|0.00|0.00|0.00|0.00|0.00|0.00|0.00|0.00|1|
20231130|6214102|0.00|0.00|3316.83|0.00|3316.83|0.00|483539.51|0.00|0.00|0.00|0.00|0.00|0.00|0.00|0.00|0.00|1|
20231130|6391101|0.00|0.00|717.92|0.00|717.92|0.00|48063.28|0.00|0.00|0.00|0.00|0.00|0.00|0.00|0.00|0.00|1|
20231231|6393109|0.00|0.00|61003.90|0.00|61003.90|0.00|1727537.49|0.00|0.00|0.00|0.00|0.00|0.00|0.00|0.00|0.00|1|
20231130|6275102|0.00|0.00|5808.21|869.85|5808.21|869.85|107117.58|0.00|0.00|0.00|0.00|0.00|0.00|0.00|0.00|0.00|1|
20231130|6591102|0.00|0.00|43333.33|0.00|43333.33|0.00|476666.63|0.00|0.00|0.00|0.00|0.00|0.00|0.00|0.00|0.00|1|
20231031|6329102|0.00|0.00|4129.81|0.00|4129.81|0.00|22074.52|0.00|0.00|0.00|0.00|0.00|0.00|0.00|0.00|0.00|1|
20231031|7599101|0.00|0.00|129.00|426250.07|129.00|426250.07|0.00|0.00|0.00|0.00|0.00|0.00|0.00|426121.07|0.00|0.00|1|
20231130|6356103|0.00|0.00|16082.61|0.00|16082.61|0.00|221387.67|0.00|0.00|0.00|0.00|0.00|0.00|0.00|0.00|0.00|1|
20231231|6365101|0.00|0.00|447.50|0.00|447.50|0.00|42802.88|0.00|0.00|0.00|0.00|0.00|0.00|0.00|0.00|0.00|1|
20231231|6391103|0.00|0.00|60.34|0.00|60.34|0.00|3504.12|0.00|0.00|0.00|0.00|0.00|0.00|0.00|0.00|0.00|1|
20231130|6861201|0.00|0.00|374.08|0.00|374.08|0.00|1901.06|0.00|0.00|0.00|0.00|0.00|0.00|0.00|0.00|0.00|1|
20231130|6364106|0.00|0.00|8748.54|6343.54|8748.54|6343.54|673167.44|0.00|0.00|0.00|0.00|0.00|0.00|0.00|0.00|0.00|1|
20231031|6593107|0.00|0.00|16529.66|0.00|16529.66|0.00|16529.66|0.00|0.00|0.00|0.00|0.00|0.00|0.00|0.00|0.00|1|
20231031|7032111|0.00|0.00|153542.98|39412261.59|153542.98|39412261.59|0.00|0.00|0.00|0.00|0.00|0.00|0.00|39258718.61|0.00|0.00|1|
20231130|4699102|0.00|0.00|2250.00|0.00|2250.00|0.00|0.00|0.00|0.00|0.00|0.00|0.00|0.00|0.00|0.00|0.00|1|
20231031|6211103|0.00|0.00|228462.50|0.00|228462.50|0.00|2729541.70|0.00|0.00|0.00|0.00|0.00|0.00|0.00|0.00|0.00|1|
20231130|6211103|0.00|0.00|22450.00|0.00|22450.00|0.00|1910679.19|0.00|0.00|0.00|0.00|0.00|0.00|0.00|0.00|0.00|1|
20231031|6251102|0.00|0.00|388.00|0.00|388.00|0.00|2878.00|0.00|0.00|0.00|0.00|0.00|0.00|0.00|0.00|0.00|1|
20231130|6251104|0.00|0.00|2523.00|0.00|2523.00|0.00|30630.00|0.00|0.00|0.00|0.00|0.00|0.00|0.00|0.00|0.00|1|
20231231|6356104|0.00|0.00|1478.65|0.00|1478.65|0.00|148062.00|0.00|0.00|0.00|0.00|0.00|0.00|0.00|0.00|0.00|1|
20231031|6841401|0.00|0.00|40489.77|0.00|40489.77|0.00|390684.14|0.00|0.00|0.00|0.00|0.00|0.00|0.00|0.00|0.00|1|
20231031|6322103|0.00|0.00|8713.18|0.00|8713.18|0.00|8713.18|0.00|0.00|0.00|0.00|0.00|0.00|0.00|0.00|0.00|1|
20231231|6343101|0.00|0.00|11714.16|0.00|11714.16|0.00|2520780.66|0.00|0.00|0.00|0.00|0.00|0.00|0.00|0.00|0.00|1|
20231130|1891102|0.00|0.00|3649.86|15259.51|3649.86|15259.51|1057291.95|0.00|0.00|0.00|0.00|0.00|0.00|0.00|0.00|0.00|1|
20231231|1891102|0.00|0.00|6287.11|0.00|6287.11|0.00|162660.30|0.00|0.00|0.00|6287.11|0.00|0.00|0.00|0.00|0.00|1|
20231130|6393110|0.00|0.00|3299.17|0.00|3299.17|0.00|451827.00|0.00|0.00|0.00|0.00|0.00|0.00|0.00|0.00|0.00|1|
20231130|4115101|0.00|0.00|41951.72|75683.15|41951.72|75683.15|0.00|0.00|0.00|0.00|0.00|33731.43|0.00|0.00|0.00|0.00|1|
20231130|4171104|0.00|0.00|16280.25|16280.25|16280.25|16280.25|0.00|0.00|0.00|0.00|0.00|0.00|0.00|0.00|0.00|0.00|1|
20231231|6541101|0.00|0.00|29965.76|0.00|29965.76|0.00|7007462.55|0.00|0.00|0.00|0.00|0.00|0.00|0.00|0.00|0.00|1|
20231231|6561106|0.00|0.00|494.18|0.00|494.18|0.00|140558.65|0.00|0.00|0.00|0.00|0.00|0.00|0.00|0.00|0.00|1|
20231031|1211101|0.00|0.00|824601.26|0.00|824601.26|0.00|73250915.10|0.00|0.00|0.00|824601.26|0.00|0.00|0.00|0.00|0.00|1|
20231130|4241201|0.00|0.00|0.00|1375.96|0.00|1375.96|0.00|0.00|0.00|0.00|0.00|1375.96|0.00|0.00|0.00|0.00|1|
20231031|1413101|0.00|0.00|4550.00|0.00|4550.00|0.00|31838.40|0.00|0.00|0.00|4550.00|0.00|0.00|0.00|0.00|0.00|1|
20231031|1629101|0.00|0.00|133735.59|0.00|133735.59|0.00|133947.50|0.00|0.00|0.00|133735.59|0.00|0.00|0.00|0.00|0.00|1|
20231031|4221201|0.00|0.00|40525.82|0.00|40525.82|0.00|482875.40|0.00|0.00|0.00|0.00|0.00|0.00|0.00|0.00|0.00|1|
20231031|6214101|0.00|0.00|1578764.85|0.00|1578764.85|0.00|72556647.39|0.00|0.00|0.00|0.00|0.00|0.00|0.00|0.00|0.00|1|
20231031|6311101|0.00|0.00|6870.78|0.00|6870.78|0.00|108241.08|0.00|0.00|0.00|0.00|0.00|0.00|0.00|0.00|0.00|1|
20231130|6313101|0.00|0.00|8738.13|0.00|8738.13|0.00|4070370.52|0.00|0.00|0.00|0.00|0.00|0.00|0.00|0.00|0.00|1|
20231130|7032121|0.00|0.00|1526463.87|1375164.08|1526463.87|1375164.08|0.00|0.00|0.00|0.00|0.00|0.00|0.00|0.00|0.00|0.00|1|
20231031|1221101|0.00|0.00|0.00|114500.00|0.00|114500.00|0.00|0.00|0.00|0.00|0.00|0.00|0.00|0.00|0.00|0.00|1|
20231130|6561102|0.00|0.00|11419.73|8375.32|11419.73|8375.32|6953269.62|0.00|0.00|0.00|0.00|0.00|0.00|0.00|0.00|0.00|1|
20231031|1041101|0.00|0.00|827332.83|0.00|827332.83|0.00|0.00|0.00|0.00|0.00|827332.83|0.00|0.00|0.00|0.00|0.00|1|
20231031|1061102|0.00|0.00|43904.67|0.00|43904.67|0.00|984.73|0.00|0.00|0.00|43904.67|0.00|0.00|0.00|0.00|0.00|1|
20231130|4699108|0.00|0.00|7010.30|15866.31|7010.30|15866.31|0.00|0.00|0.00|0.00|0.00|8856.01|0.00|0.00|0.00|0.00|1|
20231231|6393117|0.00|0.00|289410.68|147.37|289410.68|147.37|3779009.04|0.00|0.00|0.00|0.00|0.00|0.00|0.00|0.00|0.00|1|
20231130|4221103|0.00|0.00|153373.49|153373.49|153373.49|153373.49|0.00|0.00|0.00|0.00|0.00|0.00|0.00|0.00|0.00|0.00|1|
20231130|4011401|0.00|0.00|1904.00|797.62|1904.00|797.62|0.00|0.00|0.00|0.00|0.00|0.00|0.00|0.00|0.00|0.00|1|
20231031|3491101|0.00|0.00|1142513.39|0.00|1142513.39|0.00|1142513.39|0.00|0.00|0.00|1142513.39|0.00|0.00|0.00|0.00|0.00|1|
20231130|4031101|0.00|0.00|67908.00|68593.22|67908.00|68593.22|0.00|0.00|0.00|0.00|0.00|685.22|0.00|0.00|0.00|0.00|1|
20231130|4011102|0.00|0.00|60342.81|603117.11|60342.81|603117.11|0.00|0.00|0.00|0.00|0.00|542774.30|0.00|0.00|0.00|0.00|1|
20231130|4211103|0.00|0.00|483453.50|477320.40|483453.50|477320.40|0.00|0.00|0.00|0.00|0.00|0.00|0.00|0.00|0.00|0.00|1|
20231130|1821105|0.00|0.00|0.00|5808.21|0.00|5808.21|34849.23|0.00|0.00|0.00|0.00|0.00|0.00|0.00|0.00|0.00|1|
20231031|7599108|0.00|0.00|120.00|43541.81|120.00|43541.81|0.00|0.00|0.00|0.00|0.00|0.00|0.00|43421.81|0.00|0.00|1|
20231031|7599104|0.00|0.00|6506.00|4574.99|6506.00|4574.99|39213.84|0.00|0.00|0.00|0.00|0.00|0.00|0.00|0.00|0.00|1|
20231130||0.00|0.00|288664.54|33815.73|288664.54|33815.73|75673.65|0.00|0.00|0.00|0.00|0.00|0.00|0.00|0.00|0.00|1|
20230731||0.00|0.00|0.06|0.02|0.06|0.02|0.96|0.00|0.00|0.00|0.00|0.00|0.00|0.00|0.00|0.00|1|
20231130|3961901|0.00|0.00|0.00|9520.94|0.00|9520.94|0.00|0.00|0.00|0.00|9520.94|0.00|0.00|0.00|0.00|0.00|1|
20231031|3412101|0.00|0.00|172176.39|0.00|172176.39|0.00|172979.83|0.00|0.00|0.00|172176.39|0.00|0.00|0.00|0.00|0.00|1|
20231031|3422101|0.00|0.00|44018.34|0.00|44018.34|0.00|44018.34|0.00|0.00|0.00|44018.34|0.00|0.00|0.00|0.00|0.00|1|
20231130|4032101|0.00|0.00|1852.45|1992.54|1852.45|1992.54|0.00|0.00|0.00|0.00|0.00|140.09|0.00|0.00|0.00|0.00|1|
20231031|4111101|0.00|0.00|0.00|39656.73|0.00|39656.73|0.00|0.00|0.00|0.00|0.00|39656.73|0.00|0.00|0.00|0.00|1|
20231031|3952601|0.00|0.00|0.00|126070.97|0.00|126070.97|0.00|0.00|0.00|0.00|126070.97|0.00|0.00|0.00|0.00|0.00|1|
20231130|4114101|0.00|0.00|8103.45|145966.96|8103.45|145966.96|0.00|0.00|0.00|0.00|0.00|137863.51|0.00|0.00|0.00|0.00|1|
20231031|6314101|0.00|0.00|75134.61|0.00|75134.61|0.00|2147323.47|0.00|0.00|0.00|0.00|0.00|0.00|0.00|0.00|0.00|1|
20231231|6371105|0.00|0.00|300.00|0.00|300.00|0.00|69979.97|0.00|0.00|0.00|0.00|0.00|0.00|0.00|0.00|0.00|1|
20231031|6593101|0.00|0.00|1311.60|1094.07|1311.60|1094.07|975.87|0.00|0.00|0.00|0.00|0.00|0.00|0.00|0.00|0.00|1|
20231231|6761101|0.00|0.00|493.00|0.69|493.00|0.69|65676313.08|0.00|0.00|0.00|0.00|0.00|0.00|0.00|0.00|0.00|1|
20231130|6861101|0.00|0.00|935.94|0.00|935.94|0.00|69869.40|0.00|0.00|0.00|0.00|0.00|0.00|0.00|0.00|0.00|1|
20231231|6861101|0.00|0.00|609.90|0.00|609.90|0.00|13973.88|0.00|0.00|0.00|0.00|0.00|0.00|0.00|0.00|0.00|1|
20231231|6561105|0.00|0.00|7566.29|0.00|7566.29|0.00|494457.90|0.00|0.00|0.00|0.00|0.00|0.00|0.00|0.00|0.00|1|
20231231|6861901|0.00|0.00|2664.80|0.00|2664.80|0.00|179186.52|0.00|0.00|0.00|0.00|0.00|0.00|0.00|0.00|0.00|1|
20231031|1041201|0.00|0.00|416119.79|0.00|416119.79|0.00|0.00|0.00|0.00|0.00|416119.79|0.00|0.00|0.00|0.00|0.00|1|
20231130|1062202|0.00|0.00|23299.15|135180.68|23299.15|135180.68|10509563.98|0.00|0.00|0.00|0.00|0.00|0.00|0.00|0.00|0.00|1|
20231231|7599107|0.00|0.00|0.00|42934.35|0.00|42934.35|0.00|0.00|0.00|0.00|0.00|0.00|0.00|42934.35|0.00|0.00|1|
20231231|1221201|0.00|0.00|0.00|154.51|0.00|154.51|0.00|0.00|0.00|0.00|0.00|0.00|0.00|0.00|0.00|0.00|1|
20231130|6343108|0.00|0.00|2745.53|0.00|2745.53|0.00|125201.10|0.00|0.00|0.00|0.00|0.00|0.00|0.00|0.00|0.00|1|
20231031|6371106|0.00|0.00|130367.60|0.00|130367.60|0.00|965809.32|0.00|0.00|0.00|0.00|0.00|0.00|0.00|0.00|0.00|1|
20231130|6221101|0.00|0.00|2592.00|0.00|2592.00|0.00|23424.00|0.00|0.00|0.00|0.00|0.00|0.00|0.00|0.00|0.00|1|
20231031|6393115|0.00|0.00|1043282.94|61806.16|1043282.94|61806.16|37015022.00|0.00|0.00|0.00|0.00|0.00|0.00|0.00|0.00|0.00|1|
20231031|6221107|0.00|0.00|2333.33|0.00|2333.33|0.00|2333.33|0.00|0.00|0.00|0.00|0.00|0.00|0.00|0.00|0.00|1|
20231031|6231101|0.00|0.00|135601.51|0.00|135601.51|0.00|373358.52|0.00|0.00|0.00|0.00|0.00|0.00|0.00|0.00|0.00|1|
20231031|6275102|0.00|0.00|48620.43|0.00|48620.43|0.00|53558.79|0.00|0.00|0.00|0.00|0.00|0.00|0.00|0.00|0.00|1|
20231031|6593102|0.00|0.00|7818.62|0.00|7818.62|0.00|53835.42|0.00|0.00|0.00|0.00|0.00|0.00|0.00|0.00|0.00|1|
20231031|7599105|0.00|0.00|0.00|214100.00|0.00|214100.00|0.00|0.00|0.00|0.00|0.00|0.00|0.00|214100.00|0.00|0.00|1|
20231130|6365101|0.00|0.00|7577.39|850.01|7577.39|850.01|1284086.40|0.00|0.00|0.00|0.00|0.00|0.00|0.00|0.00|0.00|1|
20231031|6365101|0.00|0.00|13802.86|0.00|13802.86|0.00|278218.72|0.00|0.00|0.00|0.00|0.00|0.00|0.00|0.00|0.00|1|
20231031|6391103|0.00|0.00|217.73|0.00|217.73|0.00|1752.06|0.00|0.00|0.00|0.00|0.00|0.00|0.00|0.00|0.00|1|
20231130|6321103|0.00|0.00|35116.50|0.00|35116.50|0.00|231977.00|0.00|0.00|0.00|0.00|0.00|0.00|0.00|0.00|0.00|1|
20231031|6593104|0.00|0.00|40824.11|0.00|40824.11|0.00|755228.48|0.00|0.00|0.00|0.00|0.00|0.00|0.00|0.00|0.00|1|
20231130|6412101|0.00|0.00|388.24|0.10|388.24|0.10|857537.10|0.00|0.00|0.00|0.00|0.00|0.00|0.00|0.00|0.00|1|
20231031|6231102|0.00|0.00|0.00|1500.00|0.00|1500.00|0.00|0.00|0.00|0.00|0.00|0.00|1500.00|0.00|0.00|0.00|1|
20231231|6251102|0.00|0.00|213.00|0.00|213.00|0.00|5756.00|0.00|0.00|0.00|0.00|0.00|0.00|0.00|0.00|0.00|1|
20231130|6311201|0.00|0.00|22209.29|5834.75|22209.29|5834.75|41592437.76|0.00|0.00|0.00|0.00|0.00|0.00|0.00|0.00|0.00|1|
20231130|6364101|0.00|0.00|7803.20|6487.98|7803.20|6487.98|5612299.83|0.00|0.00|0.00|0.00|0.00|0.00|0.00|0.00|0.00|1|
20231231|6364101|0.00|0.00|1294.52|0.00|1294.52|0.00|1776044.25|0.00|0.00|0.00|0.00|0.00|0.00|0.00|0.00|0.00|1|
20231031|6364101|0.00|0.00|67433.86|0.00|67433.86|0.00|2770629.03|0.00|0.00|0.00|0.00|0.00|0.00|0.00|0.00|0.00|1|
20231231|6327104|0.00|0.00|6000.00|0.00|6000.00|0.00|76000.00|0.00|0.00|0.00|0.00|0.00|0.00|0.00|0.00|0.00|1|
20231031|6343107|0.00|0.00|70.00|0.00|70.00|0.00|70.00|0.00|0.00|0.00|0.00|0.00|0.00|0.00|0.00|0.00|1|
20231231|6361101|0.00|0.00|13850.82|0.00|13850.82|0.00|734176.20|0.00|0.00|0.00|0.00|0.00|0.00|0.00|0.00|0.00|1|
20231130|3961201|0.00|0.00|0.00|374.08|0.00|374.08|0.00|0.00|0.00|0.00|374.08|0.00|0.00|0.00|0.00|0.00|1|
20231130|6391102|0.00|0.00|2506.18|1221.18|2506.18|1221.18|8165631.60|0.00|0.00|0.00|0.00|0.00|0.00|0.00|0.00|0.00|1|
20231031|6393106|0.00|0.00|1146383.39|0.00|1146383.39|0.00|1393014.83|0.00|0.00|0.00|0.00|0.00|0.00|0.00|0.00|0.00|1|
20231231|6393110|0.00|0.00|5495.30|0.00|5495.30|0.00|225913.50|0.00|0.00|0.00|0.00|0.00|0.00|0.00|0.00|0.00|1|
20231031|6393114|0.00|0.00|3084074.28|0.00|3084074.28|0.00|30901431.00|0.00|0.00|0.00|0.00|0.00|0.00|0.00|0.00|0.00|1|
20231031|6541101|0.00|0.00|610530.50|0.01|610530.50|0.01|49830844.80|0.00|0.00|0.00|0.00|0.00|0.00|0.00|0.00|0.00|1|
20231031|6551401|0.00|0.00|2501.14|0.00|2501.14|0.00|10004.56|0.00|0.00|0.00|0.00|0.00|0.00|0.00|0.00|0.00|1|
20231231|6591101|0.00|0.00|8435.21|0.00|8435.21|0.00|11264652.62|0.00|0.00|0.00|0.00|0.00|0.00|0.00|0.00|0.00|1|
20231130|1413101|0.00|0.00|17228.18|9603.74|17228.18|9603.74|246747.60|0.00|0.00|0.00|7624.44|0.00|0.00|0.00|0.00|0.00|1|
20231031|5912101|0.00|0.00|0.00|2643579.28|0.00|2643579.28|0.00|0.00|0.00|0.00|0.00|2643579.28|0.00|0.00|0.00|0.00|1|
20231130|1821101|0.00|0.00|0.00|2368.89|0.00|2368.89|167172.45|0.00|0.00|0.00|0.00|0.00|0.00|0.00|0.00|0.00|1|
20231231|1891202|0.00|0.00|15825.07|0.00|15825.07|0.00|478882.16|0.00|0.00|0.00|15825.07|0.00|0.00|0.00|0.00|0.00|1|
20231031|4511111|0.00|0.00|0.00|6099598.86|0.00|6099598.86|0.00|0.00|0.00|0.00|0.00|6099598.86|0.00|0.00|0.00|0.00|1|
20231130|1041202|0.00|0.00|466694.70|343064.25|466694.70|343064.25|66761666.73|0.00|0.00|0.00|123630.45|0.00|0.00|0.00|0.00|0.00|1|
20231130|1061202|0.00|0.00|1215780.05|1009141.62|1215780.05|1009141.62|26397369.60|0.00|0.00|0.00|206638.43|0.00|0.00|0.00|0.00|0.00|1|
20231130|1061102|0.00|0.00|733167.23|391087.17|733167.23|391087.17|13786.22|0.00|0.00|0.00|342080.06|0.00|0.00|0.00|0.00|0.00|1|
20231031|3023102|0.00|0.00|3441.64|0.00|3441.64|0.00|3441.64|0.00|0.00|0.00|3441.64|0.00|0.00|0.00|0.00|0.00|1|
20231031|4699108|0.00|0.00|0.00|6857.55|0.00|6857.55|0.00|0.00|0.00|0.00|0.00|6857.55|0.00|0.00|0.00|0.00|1|
20231130|4017301|0.00|0.00|134754.05|140434.28|134754.05|140434.28|0.00|0.00|0.00|0.00|0.00|5680.23|0.00|0.00|0.00|0.00|1|
20231130|4151101|0.00|0.00|584067.71|102507.02|584067.71|102507.02|0.00|0.00|0.00|0.00|0.00|0.00|0.00|0.00|0.00|0.00|1|
20231031|3431101|0.00|0.00|2537379.19|0.00|2537379.19|0.00|2714139.48|0.00|0.00|0.00|2537379.19|0.00|0.00|0.00|0.00|0.00|1|
20231231|3431101|0.00|0.00|45043.17|0.00|45043.17|0.00|8142418.44|0.00|0.00|0.00|45043.17|0.00|0.00|0.00|0.00|0.00|1|
20231130|1419101|0.00|0.00|2784.96|2699.60|2784.96|2699.60|1621.84|0.00|0.00|0.00|85.36|0.00|0.00|0.00|0.00|0.00|1|
20231031|3361101|0.00|0.00|797779.04|0.00|797779.04|0.00|912629.92|0.00|0.00|0.00|797779.04|0.00|0.00|0.00|0.00|0.00|1|
20231031|3952701|0.00|0.00|0.00|684839.79|0.00|684839.79|0.00|0.00|0.00|0.00|684839.79|0.00|0.00|0.00|0.00|0.00|1|
20231130|4961101|0.00|0.00|1239602.20|91818.87|1239602.20|91818.87|0.00|0.00|0.00|0.00|0.00|0.00|0.00|0.00|0.00|0.00|1|
20231130|4212101|0.00|0.00|1444490.93|1550009.78|1444490.93|1550009.78|0.00|0.00|0.00|0.00|0.00|105518.85|0.00|0.00|0.00|0.00|1|
20231130|4699101|0.00|0.00|1095.67|1095.67|1095.67|1095.67|2935.28|0.00|0.00|0.00|0.00|0.00|0.00|0.00|0.00|0.00|1|
20231231|4699101|0.00|0.00|1467.64|0.00|1467.64|0.00|1467.64|0.00|0.00|0.00|0.00|0.00|0.00|0.00|0.00|0.00|1|
20231031|6221106|0.00|0.00|19505.49|0.00|19505.49|0.00|63360.00|0.00|0.00|0.00|0.00|0.00|0.00|0.00|0.00|0.00|1|
20231231|6312101|0.00|0.00|1803.97|0.00|1803.97|0.00|678822.40|0.00|0.00|0.00|0.00|0.00|0.00|0.00|0.00|0.00|1|
20231031|6322101|0.00|0.00|111113.35|0.00|111113.35|0.00|111113.35|0.00|0.00|0.00|0.00|0.00|0.00|0.00|0.00|0.00|1|
20231031|6329105|0.00|0.00|7648.00|0.00|7648.00|0.00|11385.00|0.00|0.00|0.00|0.00|0.00|0.00|0.00|0.00|0.00|1|
20231031|6371105|0.00|0.00|62254.77|9434.00|62254.77|9434.00|699799.70|0.00|0.00|0.00|0.00|0.00|0.00|0.00|0.00|0.00|1|
20231231|6593101|0.00|0.00|42.97|0.00|42.97|0.00|34806.03|0.00|0.00|0.00|0.00|0.00|0.00|0.00|0.00|0.00|1|
20231130|6731101|0.00|0.00|25138.96|0.00|25138.96|0.00|292793.08|0.00|0.00|0.00|0.00|0.00|0.00|0.00|0.00|0.00|1|
20231231|6561101|0.00|0.00|7706.76|0.00|7706.76|0.00|715866.58|0.00|0.00|0.00|0.00|0.00|0.00|0.00|0.00|0.00|1|
20231031|6861301|0.00|0.00|108554.03|0.00|108554.03|0.00|1338290.90|0.00|0.00|0.00|0.00|0.00|0.00|0.00|0.00|0.00|1|
20231031|1061101|0.00|0.00|963864.42|0.00|963864.42|0.00|610.37|0.00|0.00|0.00|963864.42|0.00|0.00|0.00|0.00|0.00|1|
20231130|1041201|0.00|0.00|1222215.17|1284940.25|1222215.17|1284940.25|0.00|0.00|0.00|0.00|0.00|0.00|0.00|0.00|0.00|0.00|1|
20231031|1062202|0.00|0.00|5231482.84|0.00|5231482.84|0.00|5254781.99|0.00|0.00|0.00|5231482.84|0.00|0.00|0.00|0.00|0.00|1|
20231130|6221103|0.00|0.00|4760.00|0.00|4760.00|0.00|350455.91|0.00|0.00|0.00|0.00|0.00|0.00|0.00|0.00|0.00|1|
20231130|1062103|0.00|0.00|3300000.00|3300000.00|3300000.00|3300000.00|5600000.00|0.00|0.00|0.00|0.00|0.00|0.00|0.00|0.00|0.00|1|
20231031|6273102|0.00|0.00|5912.37|0.00|5912.37|0.00|113522.58|0.00|0.00|0.00|0.00|0.00|0.00|0.00|0.00|0.00|1|
20231031|6343102|0.00|0.00|649.86|0.00|649.86|0.00|1984.86|0.00|0.00|0.00|0.00|0.00|0.00|0.00|0.00|0.00|1|
20231031|4699107|0.00|0.00|0.00|1631.00|0.00|1631.00|0.00|0.00|0.00|0.00|0.00|1631.00|0.00|0.00|0.00|0.00|1|
20231130|6593116|0.00|0.00|15683.67|0.00|15683.67|0.00|48965.34|0.00|0.00|0.00|0.00|0.00|0.00|0.00|0.00|0.00|1|
20231231|6593116|0.00|0.00|8799.00|0.00|8799.00|0.00|48965.34|0.00|0.00|0.00|0.00|0.00|0.00|0.00|0.00|0.00|1|
20231031|6393109|0.00|0.00|431032.21|0.00|431032.21|0.00|3455074.98|0.00|0.00|0.00|0.00|0.00|0.00|0.00|0.00|0.00|1|
20231031|6271101|0.00|0.00|743607.97|0.00|743607.97|0.00|33665559.26|0.00|0.00|0.00|0.00|0.00|0.00|0.00|0.00|0.00|1|
20231031|1699102|0.00|0.00|2730.07|0.00|2730.07|0.00|8003.26|0.00|0.00|0.00|2730.07|0.00|0.00|0.00|0.00|0.00|1|
20231130|7599101|0.00|0.00|0.00|34138.89|0.00|34138.89|0.00|0.00|0.00|0.00|0.00|0.00|0.00|34138.89|0.00|0.00|1|
20231130|7721101|0.00|0.00|0.00|54322.91|0.00|54322.91|0.00|0.00|0.00|0.00|0.00|0.00|0.00|54322.91|0.00|0.00|1|
20231031|7761101|0.00|0.00|1213353.73|1806019.26|1213353.73|1806019.26|0.00|0.00|0.00|0.00|0.00|0.00|0.00|592665.53|0.00|0.00|1|
20231031|6355101|0.00|0.00|580.00|0.00|580.00|0.00|1160.00|0.00|0.00|0.00|0.00|0.00|0.00|0.00|0.00|0.00|1|
20231031|6356103|0.00|0.00|189653.61|0.00|189653.61|0.00|442775.34|0.00|0.00|0.00|0.00|0.00|0.00|0.00|0.00|0.00|1|
20231031|6368101|0.00|0.00|3568465.53|0.00|3568465.53|0.00|25563106.68|0.00|0.00|0.00|0.00|0.00|0.00|0.00|0.00|0.00|1|
20231130|6391103|0.00|0.00|50.47|47.03|50.47|47.03|5548.19|0.00|0.00|0.00|0.00|0.00|0.00|0.00|0.00|0.00|1|
20231130|6531102|0.00|0.00|3868.51|0.00|3868.51|0.00|180045.76|0.00|0.00|0.00|0.00|0.00|0.00|0.00|0.00|0.00|1|
20231130|6561103|0.00|0.00|8670.80|0.00|8670.80|0.00|41498.26|0.00|0.00|0.00|0.00|0.00|0.00|0.00|0.00|0.00|1|
20231231|6593104|0.00|0.00|4786.38|0.00|4786.38|0.00|330412.46|0.00|0.00|0.00|0.00|0.00|0.00|0.00|0.00|0.00|1|
20231031|6412101|0.00|0.00|4268.32|0.00|4268.32|0.00|32564.70|0.00|0.00|0.00|0.00|0.00|0.00|0.00|0.00|0.00|1|
20231031|5221102|0.00|0.00|0.00|277054.14|0.00|277054.14|0.00|0.00|0.00|0.00|0.00|277054.14|0.00|0.00|0.00|0.00|1|
20231231|6311201|0.00|0.00|25233.06|1145.57|25233.06|1145.57|64988184.00|0.00|0.00|0.00|0.00|0.00|0.00|0.00|0.00|0.00|1|
20231031|6344109|0.00|0.00|194401.20|0.00|194401.20|0.00|467280.68|0.00|0.00|0.00|0.00|0.00|0.00|0.00|0.00|0.00|1|
20231130|6841401|0.00|0.00|4021.96|0.00|4021.96|0.00|167436.06|0.00|0.00|0.00|0.00|0.00|0.00|0.00|0.00|0.00|1|
20231130|6327104|0.00|0.00|6000.00|0.00|6000.00|0.00|76000.00|0.00|0.00|0.00|0.00|0.00|0.00|0.00|0.00|0.00|1|
20231031|1911101|0.00|0.00|0.00|128890.12|0.00|128890.12|0.00|0.00|0.00|0.00|128890.12|0.00|0.00|0.00|0.00|0.00|1|
20231031|6344105|0.00|0.00|15108.14|0.00|15108.14|0.00|16617.18|0.00|0.00|0.00|0.00|0.00|0.00|0.00|0.00|0.00|1|
20231031|3961201|0.00|0.00|0.00|8330.95|0.00|8330.95|0.00|0.00|0.00|0.00|8330.95|0.00|0.00|0.00|0.00|0.00|1|
20231231|1213101|0.00|0.00|1413227.85|1300179.57|1413227.85|1300179.57|646072402.68|0.00|0.00|0.00|113048.28|0.00|0.00|0.00|0.00|0.00|1|
20231130|6431101|0.00|0.00|5774.31|0.00|5774.31|0.00|96057.98|0.00|0.00|0.00|0.00|0.00|0.00|0.00|0.00|0.00|1|
20231031|6593103|0.00|0.00|810368.40|0.00|810368.40|0.00|31083302.52|0.00|0.00|0.00|0.00|0.00|0.00|0.00|0.00|0.00|1|
20231031|1291201|0.00|0.00|0.00|1249.80|0.00|1249.80|0.00|0.00|0.00|0.00|0.00|0.00|0.00|0.00|0.00|0.00|1|
20231130|1291201|0.00|0.00|868.10|1264.43|868.10|1264.43|0.00|0.00|0.00|0.00|0.00|0.00|0.00|0.00|0.00|0.00|1|
20231231|1411101|0.00|0.00|93.93|0.00|93.93|0.00|24437.03|0.00|0.00|0.00|93.93|0.00|0.00|0.00|0.00|0.00|1|
20231031|1624101|0.00|0.00|118.00|0.00|118.00|0.00|642.00|0.00|0.00|0.00|118.00|0.00|0.00|0.00|0.00|0.00|1|
20231031|6841501|0.00|0.00|150997.04|0.00|150997.04|0.00|4668067.35|0.00|0.00|0.00|0.00|0.00|0.00|0.00|0.00|0.00|1|
20231031|1821101|0.00|0.00|11167.44|0.00|11167.44|0.00|158373.90|0.00|0.00|0.00|11167.44|0.00|0.00|0.00|0.00|0.00|1|
20231130|1891202|0.00|0.00|6787.00|59082.59|6787.00|59082.59|33282310.12|0.00|0.00|0.00|0.00|0.00|0.00|0.00|0.00|0.00|1|
20231231|1041202|0.00|0.00|409563.73|103.81|409563.73|103.81|43129218.33|0.00|0.00|0.00|409459.92|0.00|0.00|0.00|0.00|0.00|1|
20231031|1061202|0.00|0.00|1007693.18|0.00|1007693.18|0.00|1257017.60|0.00|0.00|0.00|1007693.18|0.00|0.00|0.00|0.00|0.00|1|
20231031|1062104|0.00|0.00|1861059.63|0.00|1861059.63|0.00|1874687.72|0.00|0.00|0.00|1861059.63|0.00|0.00|0.00|0.00|0.00|1|
20231130|1062201|0.00|0.00|2443350.00|2443350.00|2443350.00|2443350.00|0.00|0.00|0.00|0.00|0.00|0.00|0.00|0.00|0.00|0.00|1|
20231031|4699104|0.00|0.00|0.00|61.47|0.00|61.47|0.00|0.00|0.00|0.00|0.00|61.47|0.00|0.00|0.00|0.00|1|
20231231|4699106|0.00|0.00|0.00|1225.46|0.00|1225.46|0.00|0.00|0.00|0.00|0.00|1225.46|0.00|0.00|0.00|0.00|1|
20231130|6393117|0.00|0.00|620657.02|280085.49|620657.02|280085.49|13226531.64|0.00|0.00|0.00|0.00|0.00|0.00|0.00|0.00|0.00|1|
20231231|4011401|0.00|0.00|798.00|1257.68|798.00|1257.68|0.00|0.00|0.00|0.00|0.00|459.68|0.00|0.00|0.00|0.00|1|
20231231|3961301|0.00|0.00|0.00|933.10|0.00|933.10|0.00|0.00|0.00|0.00|933.10|0.00|0.00|0.00|0.00|0.00|1|
20231130|4017401|0.00|0.00|10173.00|8661.29|10173.00|8661.29|0.00|0.00|0.00|0.00|0.00|0.00|0.00|0.00|0.00|0.00|1|
20231130|3200|0.00|0.00|0.18|0.00|0.18|0.00|0.00|0.00|0.00|0.00|0.18|0.00|0.00|0.00|0.00|0.00|1|
20231031|7599102|0.00|0.00|0.00|205.03|0.00|205.03|0.00|0.00|0.00|0.00|0.00|0.00|0.00|205.03|0.00|0.00|1|
20231130|6531101|0.00|0.00|57159.20|0.00|57159.20|0.00|3495940.14|0.00|0.00|0.00|0.00|0.00|0.00|0.00|0.00|0.00|1|
20231031|1221202|0.00|0.00|0.00|215046.06|0.00|215046.06|0.00|0.00|0.00|0.00|0.00|0.00|0.00|0.00|0.00|0.00|1|
20231130|4221101|0.00|0.00|24281.76|27227.61|24281.76|27227.61|1341649.57|0.00|0.00|0.00|0.00|2945.85|0.00|0.00|0.00|0.00|1|
20231031|4221101|0.00|0.00|33556.21|0.00|33556.21|0.00|1399982.16|0.00|0.00|0.00|0.00|0.00|0.00|0.00|0.00|0.00|1|
20231031|3952101|0.00|0.00|0.00|760589.67|0.00|760589.67|0.00|0.00|0.00|0.00|760589.67|0.00|0.00|0.00|0.00|0.00|1|
20231130|3952701|0.00|0.00|0.00|5524.25|0.00|5524.25|0.00|0.00|0.00|0.00|5524.25|0.00|0.00|0.00|0.00|0.00|1|
20231231|2524101|0.00|0.00|25490.16|25490.16|25490.16|25490.16|0.00|0.00|0.00|0.00|0.00|0.00|0.00|0.00|0.00|0.00|1|
20231231|4111101|0.00|0.00|61969.22|0.00|61969.22|0.00|0.00|0.00|0.00|0.00|0.00|0.00|0.00|0.00|0.00|0.00|1|
20230930|1213201|0.00|0.00|0.13|0.14|0.13|0.14|75213924.03|0.00|0.00|0.00|0.00|0.00|0.00|0.00|0.00|0.00|1|
20231130|1211102|0.00|0.00|971947.08|981108.83|971947.08|981108.83|395943123.75|0.00|0.00|0.00|0.00|0.00|0.00|0.00|0.00|0.00|1|
20231130|4171103|0.00|0.00|38226.20|38226.20|38226.20|38226.20|0.00|0.00|0.00|0.00|0.00|0.00|0.00|0.00|0.00|0.00|1|
20231231|4241101|0.00|0.00|16300.00|10156.00|16300.00|10156.00|0.00|0.00|0.00|0.00|0.00|0.00|0.00|0.00|0.00|0.00|1|
20231231|1699101|0.00|0.00|75797.20|75773.20|75797.20|75773.20|22004.10|0.00|0.00|0.00|24.00|0.00|0.00|0.00|0.00|0.00|1|
20231031|1699101|0.00|0.00|4463.96|0.00|4463.96|0.00|26404.92|0.00|0.00|0.00|4463.96|0.00|0.00|0.00|0.00|0.00|1|
20231231|1221103|0.00|0.00|191792.13|126101.87|191792.13|126101.87|49591586.58|0.00|0.00|0.00|65690.26|0.00|0.00|0.00|0.00|0.00|1|
20231031|4011101|0.00|0.00|0.00|229771.97|0.00|229771.97|3444815.50|0.00|0.00|0.00|0.00|229771.97|0.00|0.00|0.00|0.00|1|
20231130|4212201|0.00|0.00|1204291.04|1047606.63|1204291.04|1047606.63|0.00|0.00|0.00|0.00|0.00|0.00|0.00|0.00|0.00|0.00|1|
20231031|4212101|0.00|0.00|121.11|1159717.51|121.11|1159717.51|0.00|0.00|0.00|0.00|0.00|1159596.40|0.00|0.00|0.00|0.00|1|
20231031|5922101|0.00|0.00|648296.54|0.00|648296.54|0.00|8746424.71|0.00|0.00|0.00|0.00|0.00|0.00|0.00|0.00|0.00|1|
20231031|6761101|0.00|0.00|459352.56|866.42|459352.56|866.42|10424811.60|0.00|0.00|0.00|0.00|0.00|0.00|0.00|0.00|0.00|1|
20231031|6561101|0.00|0.00|22414.68|0.00|22414.68|0.00|195236.34|0.00|0.00|0.00|0.00|0.00|0.00|0.00|0.00|0.00|1|
20231130|6561101|0.00|0.00|24.83|0.00|24.83|0.00|65078.78|0.00|0.00|0.00|0.00|0.00|0.00|0.00|0.00|0.00|1|
20231231|6861301|0.00|0.00|933.10|0.00|933.10|0.00|267658.18|0.00|0.00|0.00|0.00|0.00|0.00|0.00|0.00|0.00|1|
20231130|6861901|0.00|0.00|9520.94|0.00|9520.94|0.00|627152.82|0.00|0.00|0.00|0.00|0.00|0.00|0.00|0.00|0.00|1|
20231031|1041102|0.00|0.00|268776.46|0.00|268776.46|0.00|346432.40|0.00|0.00|0.00|268776.46|0.00|0.00|0.00|0.00|0.00|1|
20231231|1062202|0.00|0.00|135180.68|0.00|135180.68|0.00|5254781.99|0.00|0.00|0.00|135180.68|0.00|0.00|0.00|0.00|0.00|1|
20231031|6221109|0.00|0.00|3480.00|0.00|3480.00|0.00|3840.00|0.00|0.00|0.00|0.00|0.00|0.00|0.00|0.00|0.00|1|
20231031|1061201|0.00|0.00|2555767.15|0.00|2555767.15|0.00|2882796.88|0.00|0.00|0.00|2555767.15|0.00|0.00|0.00|0.00|0.00|1|
20231130|1061201|0.00|0.00|2770405.95|2493407.22|2770405.95|2493407.22|23062375.04|0.00|0.00|0.00|276998.73|0.00|0.00|0.00|0.00|0.00|1|
20231130|1221201|0.00|0.00|154.51|0.00|154.51|0.00|0.00|0.00|0.00|0.00|154.51|0.00|0.00|0.00|0.00|0.00|1|
20231130|6329104|0.00|0.00|145616.23|2500.00|145616.23|2500.00|34117755.36|0.00|0.00|0.00|0.00|0.00|0.00|0.00|0.00|0.00|1|
20231130|4699107|0.00|0.00|1280.00|1915.50|1280.00|1915.50|0.00|0.00|0.00|0.00|0.00|635.50|0.00|0.00|0.00|0.00|1|
20231231|6367101|0.00|0.00|158.44|0.00|158.44|0.00|1901.28|0.00|0.00|0.00|0.00|0.00|0.00|0.00|0.00|0.00|1|
20231031|6221101|0.00|0.00|20832.00|0.00|20832.00|0.00|46848.00|0.00|0.00|0.00|0.00|0.00|0.00|0.00|0.00|0.00|1|
20231130|6393115|0.00|0.00|185655.25|0.00|185655.25|0.00|28131416.72|0.00|0.00|0.00|0.00|0.00|0.00|0.00|0.00|0.00|1|
20231231|6251101|0.00|0.00|1300.00|0.00|1300.00|0.00|18942.60|0.00|0.00|0.00|0.00|0.00|0.00|0.00|0.00|0.00|1|
20231031|6591102|0.00|0.00|433333.30|0.00|433333.30|0.00|476666.63|0.00|0.00|0.00|0.00|0.00|0.00|0.00|0.00|0.00|1|
20231031|6371104|0.00|0.00|37995.35|0.00|37995.35|0.00|600562.86|0.00|0.00|0.00|0.00|0.00|0.00|0.00|0.00|0.00|1|
20231130|6371104|0.00|0.00|29835.15|0.00|29835.15|0.00|2502345.25|0.00|0.00|0.00|0.00|0.00|0.00|0.00|0.00|0.00|1|
20231231|6327103|0.00|0.00|75825.08|0.00|75825.08|0.00|3311551.44|0.00|0.00|0.00|0.00|0.00|0.00|0.00|0.00|0.00|1|
20231231|6439102|0.00|0.00|278.59|0.00|278.59|0.00|68751.05|0.00|0.00|0.00|0.00|0.00|0.00|0.00|0.00|0.00|1|
20231130|6352101|0.00|0.00|19196.36|9631.35|19196.36|9631.35|344217.90|0.00|0.00|0.00|0.00|0.00|0.00|0.00|0.00|0.00|1|
20231031|6354102|0.00|0.00|106301.04|0.00|106301.04|0.00|422046.87|0.00|0.00|0.00|0.00|0.00|0.00|0.00|0.00|0.00|1|
20231031|6561103|0.00|0.00|12078.33|0.00|12078.33|0.00|41498.26|0.00|0.00|0.00|0.00|0.00|0.00|0.00|0.00|0.00|1|
20231130|6593104|0.00|0.00|994.42|0.00|994.42|0.00|330412.46|0.00|0.00|0.00|0.00|0.00|0.00|0.00|0.00|0.00|1|
20231031|6364106|0.00|0.00|79335.93|0.00|79335.93|0.00|336583.72|0.00|0.00|0.00|0.00|0.00|0.00|0.00|0.00|0.00|1|
20231130|6251102|0.00|0.00|950.00|443.00|950.00|443.00|17268.00|0.00|0.00|0.00|0.00|0.00|0.00|0.00|0.00|0.00|1|
20231031|6251104|0.00|0.00|25230.00|0.00|25230.00|0.00|61260.00|0.00|0.00|0.00|0.00|0.00|0.00|0.00|0.00|0.00|1|
20231031|6274101|0.00|0.00|25775.34|0.00|25775.34|0.00|1201894.40|0.00|0.00|0.00|0.00|0.00|0.00|0.00|0.00|0.00|1|
20231130|6274101|0.00|0.00|2556.54|0.00|2556.54|0.00|1707955.20|0.00|0.00|0.00|0.00|0.00|0.00|0.00|0.00|0.00|1|
20231031|6315101|0.00|0.00|17126.89|0.00|17126.89|0.00|150722.24|0.00|0.00|0.00|0.00|0.00|0.00|0.00|0.00|0.00|1|
20231031|6323101|0.00|0.00|27000.00|0.00|27000.00|0.00|64200.00|0.00|0.00|0.00|0.00|0.00|0.00|0.00|0.00|0.00|1|
20231130|6344109|0.00|0.00|19801.62|0.00|19801.62|0.00|233640.34|0.00|0.00|0.00|0.00|0.00|0.00|0.00|0.00|0.00|1|
20231231|6344109|0.00|0.00|19437.52|0.00|19437.52|0.00|233640.34|0.00|0.00|0.00|0.00|0.00|0.00|0.00|0.00|0.00|1|
20231130|6356104|0.00|0.00|2908.40|0.00|2908.40|0.00|111046.50|0.00|0.00|0.00|0.00|0.00|0.00|0.00|0.00|0.00|1|
20231031|6432101|0.00|0.00|37123.52|0.00|37123.52|0.00|109516.98|0.00|0.00|0.00|0.00|0.00|0.00|0.00|0.00|0.00|1|
20231031|3952702|0.00|0.00|0.00|542869.69|0.00|542869.69|0.00|0.00|0.00|0.00|542869.69|0.00|0.00|0.00|0.00|0.00|1|
20231031|6327104|0.00|0.00|64000.00|0.00|64000.00|0.00|228000.00|0.00|0.00|0.00|0.00|0.00|0.00|0.00|0.00|0.00|1|
20231031|6329107|0.00|0.00|296610.15|0.00|296610.15|0.00|296610.15|0.00|0.00|0.00|0.00|0.00|0.00|0.00|0.00|0.00|1|
20231130|6393106|0.00|0.00|121254.05|0.00|121254.05|0.00|133729423.68|0.00|0.00|0.00|0.00|0.00|0.00|0.00|0.00|0.00|1|
20231031|6393110|0.00|0.00|21147.04|0.00|21147.04|0.00|564783.75|0.00|0.00|0.00|0.00|0.00|0.00|0.00|0.00|0.00|1|
20231031|6431101|0.00|0.00|28906.24|0.00|28906.24|0.00|48028.99|0.00|0.00|0.00|0.00|0.00|0.00|0.00|0.00|0.00|1|
20231031|6511102|0.00|0.00|33116.60|0.00|33116.60|0.00|76575.74|0.00|0.00|0.00|0.00|0.00|0.00|0.00|0.00|0.00|1|
20231130|6561106|0.00|0.00|2142.25|0.00|2142.25|0.00|674681.52|0.00|0.00|0.00|0.00|0.00|0.00|0.00|0.00|0.00|1|
20231031|5011101|0.00|0.00|0.00|412733.12|0.00|412733.12|0.00|0.00|0.00|0.00|0.00|412733.12|0.00|0.00|0.00|0.00|1|
20231231|4221201|0.00|0.00|517.22|0.00|517.22|0.00|24143.77|0.00|0.00|0.00|0.00|0.00|0.00|0.00|0.00|0.00|1|
20231031|1821107|0.00|0.00|2556.55|0.00|2556.55|0.00|0.00|0.00|0.00|0.00|2556.55|0.00|0.00|0.00|0.00|0.00|1|
20231031|1891202|0.00|0.00|265517.85|0.00|265517.85|0.00|31127340.40|0.00|0.00|0.00|265517.85|0.00|0.00|0.00|0.00|0.00|1|
20231130|6212101|0.00|0.00|6348.00|0.00|6348.00|0.00|195690.00|0.00|0.00|0.00|0.00|0.00|0.00|0.00|0.00|0.00|1|
20231130|6241101|0.00|0.00|25000.00|0.00|25000.00|0.00|153678.10|0.00|0.00|0.00|0.00|0.00|0.00|0.00|0.00|0.00|1|
20231031|6241101|0.00|0.00|103678.10|0.00|103678.10|0.00|153678.10|0.00|0.00|0.00|0.00|0.00|0.00|0.00|0.00|0.00|1|
20231130|6275103|0.00|0.00|9483.20|9483.11|9483.20|9483.11|7890803.25|0.00|0.00|0.00|0.00|0.00|0.00|0.00|0.00|0.00|1|
20231231|6313101|0.00|0.00|7714.45|1177.00|7714.45|1177.00|9098475.28|0.00|0.00|0.00|0.00|0.00|0.00|0.00|0.00|0.00|1|
20231231|6321104|0.00|0.00|2798.40|0.00|2798.40|0.00|1038873.60|0.00|0.00|0.00|0.00|0.00|0.00|0.00|0.00|0.00|1|
20231031|3369101|0.00|0.00|1122686.83|0.00|1122686.83|0.00|1305092.52|0.00|0.00|0.00|1122686.83|0.00|0.00|0.00|0.00|0.00|1|
20231031|6593115|0.00|0.00|2794.07|0.00|2794.07|0.00|5240.98|0.00|0.00|0.00|0.00|0.00|0.00|0.00|0.00|0.00|1|
20231130|1062203|0.00|0.00|977340.00|977340.00|977340.00|977340.00|0.00|0.00|0.00|0.00|0.00|0.00|0.00|0.00|0.00|0.00|1|
20231031|6593117|0.00|0.00|1720968.39|0.00|1720968.39|0.00|6043110.90|0.00|0.00|0.00|0.00|0.00|0.00|0.00|0.00|0.00|1|
20231231|6593117|0.00|0.00|148533.48|0.00|148533.48|0.00|4028740.60|0.00|0.00|0.00|0.00|0.00|0.00|0.00|0.00|0.00|1|
20231031|4699204|0.00|0.00|0.00|12084.70|0.00|12084.70|0.00|0.00|0.00|0.00|0.00|12084.70|0.00|0.00|0.00|0.00|1|
20231130|7791101|0.00|0.00|0.00|214.46|0.00|214.46|0.00|0.00|0.00|0.00|0.00|0.00|0.00|214.46|0.00|0.00|1|
20231031|4017301|0.00|0.00|0.00|134684.01|0.00|134684.01|0.00|0.00|0.00|0.00|0.00|134684.01|0.00|0.00|0.00|0.00|1|
20231031|4191101|0.00|0.00|0.00|230136.04|0.00|230136.04|0.00|0.00|0.00|0.00|0.00|230136.04|0.00|0.00|0.00|0.00|1|
20231231|4011102|0.00|0.00|270091.95|578312.47|270091.95|578312.47|0.00|0.00|0.00|0.00|0.00|308220.52|0.00|0.00|0.00|0.00|1|
20231231|4017401|0.00|0.00|7761.10|0.00|7761.10|0.00|0.00|0.00|0.00|0.00|0.00|0.00|0.00|0.00|0.00|0.00|1|
20231130|4171102|0.00|0.00|11331.61|11331.61|11331.61|11331.61|0.00|0.00|0.00|0.00|0.00|0.00|0.00|0.00|0.00|0.00|1|
20231231|7599102|0.00|0.00|1.38|37.39|1.38|37.39|0.00|0.00|0.00|0.00|0.00|0.00|0.00|36.01|0.00|0.00|1|
20231130|7599102|0.00|0.00|0.00|213.84|0.00|213.84|0.00|0.00|0.00|0.00|0.00|0.00|0.00|213.84|0.00|0.00|1|
20231130|3952101|0.00|0.00|0.00|32520.54|0.00|32520.54|0.00|0.00|0.00|0.00|32520.54|0.00|0.00|0.00|0.00|0.00|1|
20231031|4032101|0.00|0.00|0.00|1852.45|0.00|1852.45|0.00|0.00|0.00|0.00|0.00|1852.45|0.00|0.00|0.00|0.00|1|
20231031|1213201|0.00|0.00|2483945.90|60283.34|2483945.90|60283.34|1969490529.23|0.00|0.00|0.00|2423662.56|0.00|0.00|0.00|0.00|0.00|1|
20230831|1213201|0.00|0.00|0.00|0.01|0.00|0.01|2785700.89|0.00|0.00|0.00|0.00|0.00|0.00|0.00|0.00|0.00|1|
20231231|1291101|0.00|0.00|1166.00|0.00|1166.00|0.00|0.00|0.00|0.00|0.00|1166.00|0.00|0.00|0.00|0.00|0.00|1|
20231231|1413102|0.00|0.00|7490.00|30004.57|7490.00|30004.57|1025365.11|0.00|0.00|0.00|0.00|0.00|0.00|0.00|0.00|0.00|1|
20231031|1629102|0.00|0.00|92272.95|0.00|92272.95|0.00|92272.95|0.00|0.00|0.00|92272.95|0.00|0.00|0.00|0.00|0.00|1|
20231031|4961101|0.00|0.00|0.00|2501063.16|0.00|2501063.16|0.00|0.00|0.00|0.00|0.00|2501063.16|0.00|0.00|0.00|0.00|1|
20231231|4212101|0.00|0.00|1496668.62|1909342.43|1496668.62|1909342.43|0.00|0.00|0.00|0.00|0.00|412673.81|0.00|0.00|0.00|0.00|1|
20231130|6312101|0.00|0.00|3333.27|1393.00|3333.27|1393.00|1230365.60|0.00|0.00|0.00|0.00|0.00|0.00|0.00|0.00|0.00|1|
20231130|6371101|0.00|0.00|12790.80|0.00|12790.80|0.00|14790.80|0.00|0.00|0.00|0.00|0.00|0.00|0.00|0.00|0.00|1|
20231031|6371101|0.00|0.00|2000.00|0.00|2000.00|0.00|14790.80|0.00|0.00|0.00|0.00|0.00|0.00|0.00|0.00|0.00|1|
20231130|6841101|0.00|0.00|32520.54|0.00|32520.54|0.00|1481941.56|0.00|0.00|0.00|0.00|0.00|0.00|0.00|0.00|0.00|1|
20231130|6761101|0.00|0.00|58243.53|4994.12|58243.53|4994.12|80271049.32|0.00|0.00|0.00|0.00|0.00|0.00|0.00|0.00|0.00|1|
20231031|6861901|0.00|0.00|77407.52|0.00|77407.52|0.00|447966.30|0.00|0.00|0.00|0.00|0.00|0.00|0.00|0.00|0.00|1|
20231031|7599107|0.00|0.00|0.00|530965.05|0.00|530965.05|0.00|0.00|0.00|0.00|0.00|0.00|0.00|530965.05|0.00|0.00|1|
20231130|6211102|0.00|0.00|19716.03|0.00|19716.03|0.00|2348862.60|0.00|0.00|0.00|0.00|0.00|0.00|0.00|0.00|0.00|1|
20231031|6251103|0.00|0.00|102975.43|0.00|102975.43|0.00|1437467.29|0.00|0.00|0.00|0.00|0.00|0.00|0.00|0.00|0.00|1|
20231231|6241102|0.00|0.00|8560.95|0.00|8560.95|0.00|1162873.70|0.00|0.00|0.00|0.00|0.00|0.00|0.00|0.00|0.00|1|
20231231|1010101|0.00|0.00|1169.43|1169.43|1169.43|1169.43|0.00|0.00|0.00|0.00|0.00|0.00|0.00|0.00|0.00|0.00|1|
20231130|4699103|0.00|0.00|0.00|567.60|0.00|567.60|0.00|0.00|0.00|0.00|0.00|567.60|0.00|0.00|0.00|0.00|1|
20231130|4699105|0.00|0.00|20673.93|28589.63|20673.93|28589.63|0.00|0.00|0.00|0.00|0.00|7915.70|0.00|0.00|0.00|0.00|1|
20231031|6343108|0.00|0.00|34745.81|0.00|34745.81|0.00|125201.10|0.00|0.00|0.00|0.00|0.00|0.00|0.00|0.00|0.00|1|
20231231|6343108|0.00|0.00|701.93|0.00|701.93|0.00|41733.70|0.00|0.00|0.00|0.00|0.00|0.00|0.00|0.00|0.00|1|
20231231|6371106|0.00|0.00|436.00|200.00|436.00|200.00|482904.66|0.00|0.00|0.00|0.00|0.00|0.00|0.00|0.00|0.00|1|
20231130|6251101|0.00|0.00|4764.24|0.00|4764.24|0.00|322024.20|0.00|0.00|0.00|0.00|0.00|0.00|0.00|0.00|0.00|1|
20231130|6271101|0.00|0.00|68592.75|0.00|68592.75|0.00|39124839.14|0.00|0.00|0.00|0.00|0.00|0.00|0.00|0.00|0.00|1|
20231130|1699102|0.00|0.00|1288.25|121.78|1288.25|121.78|16006.52|0.00|0.00|0.00|1166.47|0.00|0.00|0.00|0.00|0.00|1|
20231231|1699102|0.00|0.00|105.09|0.00|105.09|0.00|4001.63|0.00|0.00|0.00|105.09|0.00|0.00|0.00|0.00|0.00|1|
20231231|7761101|0.00|0.00|0.00|539.80|0.00|539.80|0.00|0.00|0.00|0.00|0.00|0.00|0.00|539.80|0.00|0.00|1|
20231130|6393111|0.00|0.00|65.02|0.00|65.02|0.00|4260.76|0.00|0.00|0.00|0.00|0.00|0.00|0.00|0.00|0.00|1|
20231130|6327103|0.00|0.00|6450.00|0.00|6450.00|0.00|367950.16|0.00|0.00|0.00|0.00|0.00|0.00|0.00|0.00|0.00|1|
20231130|6439102|0.00|0.00|211.37|0.00|211.37|0.00|41250.63|0.00|0.00|0.00|0.00|0.00|0.00|0.00|0.00|0.00|1|
20231231|6531102|0.00|0.00|151.86|0.00|151.86|0.00|45011.44|0.00|0.00|0.00|0.00|0.00|0.00|0.00|0.00|0.00|1|
20231031|6352101|0.00|0.00|95550.60|0.00|95550.60|0.00|229478.60|0.00|0.00|0.00|0.00|0.00|0.00|0.00|0.00|0.00|1|
20231231|6352101|0.00|0.00|9623.69|0.00|9623.69|0.00|114739.30|0.00|0.00|0.00|0.00|0.00|0.00|0.00|0.00|0.00|1|
20231130|6354102|0.00|0.00|17192.75|0.00|17192.75|0.00|703411.45|0.00|0.00|0.00|0.00|0.00|0.00|0.00|0.00|0.00|1|
20231130|6356101|0.00|0.00|13380.09|0.00|13380.09|0.00|576428.16|0.00|0.00|0.00|0.00|0.00|0.00|0.00|0.00|0.00|1|
20231031|6561107|0.00|0.00|23310.37|0.00|23310.37|0.00|113722.80|0.00|0.00|0.00|0.00|0.00|0.00|0.00|0.00|0.00|1|
20231130|6593109|0.00|0.00|11281.53|0.00|11281.53|0.00|22563.06|0.00|0.00|0.00|0.00|0.00|0.00|0.00|0.00|0.00|1|
20231130|6393116|0.00|0.00|10452.05|5999.90|10452.05|5999.90|28291.62|0.00|0.00|0.00|0.00|0.00|0.00|0.00|0.00|0.00|1|
20231231|6412101|0.00|0.00|121.85|0.00|121.85|0.00|293082.30|0.00|0.00|0.00|0.00|0.00|0.00|0.00|0.00|0.00|1|
20231031|6352104|0.00|0.00|769448.24|0.02|769448.24|0.02|27849094.35|0.00|0.00|0.00|0.00|0.00|0.00|0.00|0.00|0.00|1|
20231231|6373102|0.00|0.00|252919.37|11550.00|252919.37|11550.00|18019823.68|0.00|0.00|0.00|0.00|0.00|0.00|0.00|0.00|0.00|1|
20231031|6391102|0.00|0.00|47244.94|11620.08|47244.94|11620.08|604861.60|0.00|0.00|0.00|0.00|0.00|0.00|0.00|0.00|0.00|1|
20231130|1213101|0.00|0.00|1452394.12|2332430.64|1452394.12|2332430.64|668833761.04|0.00|0.00|0.00|0.00|0.00|0.00|0.00|0.00|0.00|1|
20231231|1492101|0.00|0.00|870385.71|0.00|870385.71|0.00|4351928.55|0.00|0.00|0.00|870385.71|0.00|0.00|0.00|0.00|0.00|1|
20231031|4115101|0.00|0.00|0.00|1292498.17|0.00|1292498.17|0.00|0.00|0.00|0.00|0.00|1292498.17|0.00|0.00|0.00|0.00|1|
20231130|4211101|0.00|0.00|238721.04|221000.45|238721.04|221000.45|0.00|0.00|0.00|0.00|0.00|0.00|0.00|0.00|0.00|0.00|1|
20231130|6511102|0.00|0.00|2082.65|0.00|2082.65|0.00|689181.66|0.00|0.00|0.00|0.00|0.00|0.00|0.00|0.00|0.00|1|
20231130|6531103|0.00|0.00|2328.04|0.00|2328.04|0.00|81148.44|0.00|0.00|0.00|0.00|0.00|0.00|0.00|0.00|0.00|1|
20231130|6541101|0.00|0.00|60230.22|419.00|60230.22|419.00|112119400.80|0.00|0.00|0.00|0.00|0.00|0.00|0.00|0.00|0.00|1|
20231031|6561110|0.00|0.00|210.00|0.00|210.00|0.00|210.00|0.00|0.00|0.00|0.00|0.00|0.00|0.00|0.00|0.00|1|
20231031|4891101|0.00|0.00|0.00|953333.30|0.00|953333.30|0.00|0.00|0.00|0.00|0.00|953333.30|0.00|0.00|0.00|0.00|1|
20231031|5012101|0.00|0.00|0.00|3972815.11|0.00|3972815.11|0.00|0.00|0.00|0.00|0.00|3972815.11|0.00|0.00|0.00|0.00|1|
20231130|4221201|0.00|0.00|4547.31|23179.42|4547.31|23179.42|338012.78|0.00|0.00|0.00|0.00|18632.11|0.00|0.00|0.00|0.00|1|
20231130|1811101|0.00|0.00|0.00|25138.96|0.00|25138.96|1861552.84|0.00|0.00|0.00|0.00|0.00|0.00|0.00|0.00|0.00|1|
20231130|6214101|0.00|0.00|169933.04|0.00|169933.04|0.00|80400609.27|0.00|0.00|0.00|0.00|0.00|0.00|0.00|0.00|0.00|1|
20231031|6273103|0.00|0.00|4245.23|0.00|4245.23|0.00|32831.47|0.00|0.00|0.00|0.00|0.00|0.00|0.00|0.00|0.00|1|
20231130|6273103|0.00|0.00|444.98|0.00|444.98|0.00|28141.26|0.00|0.00|0.00|0.00|0.00|0.00|0.00|0.00|0.00|1|
20231231|3369101|0.00|0.00|2691.63|0.00|2691.63|0.00|1305092.52|0.00|0.00|0.00|2691.63|0.00|0.00|0.00|0.00|0.00|1|
20231231|4511113|0.00|0.00|23346.02|0.00|23346.02|0.00|23346.02|0.00|0.00|0.00|0.00|0.00|0.00|0.00|0.00|0.00|1|
20231130|1041103|0.00|0.00|2287494.40|2465160.29|2287494.40|2465160.29|3014708.28|0.00|0.00|0.00|0.00|0.00|0.00|0.00|0.00|0.00|1|
20231130|1041101|0.00|0.00|2505125.38|3074695.38|2505125.38|3074695.38|0.00|0.00|0.00|0.00|0.00|0.00|0.00|0.00|0.00|0.00|1|
20231231|4221103|0.00|0.00|186904.63|207311.64|186904.63|207311.64|0.00|0.00|0.00|0.00|0.00|20407.01|0.00|0.00|0.00|0.00|1|
20231031|3961101|0.00|0.00|0.00|91758.51|0.00|91758.51|0.00|0.00|0.00|0.00|91758.51|0.00|0.00|0.00|0.00|0.00|1|
20231130|3961101|0.00|0.00|0.00|935.94|0.00|935.94|0.00|0.00|0.00|0.00|935.94|0.00|0.00|0.00|0.00|0.00|1|
20231031|6531101|0.00|0.00|487997.49|0.00|487997.49|0.00|2330626.76|0.00|0.00|0.00|0.00|0.00|0.00|0.00|0.00|0.00|1|
20231130|7599104|0.00|0.00|70561.67|52877.25|70561.67|52877.25|254889.96|0.00|0.00|0.00|0.00|0.00|0.00|0.00|0.00|0.00|1|
20231130|1221202|0.00|0.00|215046.06|0.00|215046.06|0.00|0.00|0.00|0.00|0.00|215046.06|0.00|0.00|0.00|0.00|0.00|1|
20231231||0.00|0.00|43987.14|275938.37|43987.14|275938.37|25.32|0.00|0.00|0.00|0.00|0.00|0.00|0.00|0.00|0.00|1|
20230430||0.00|0.00|0.01|0.00|0.01|0.00|0.12|0.00|0.00|0.00|0.00|0.00|0.00|0.00|0.00|0.00|1|
20230531||0.00|0.00|0.01|0.00|0.01|0.00|0.12|0.00|0.00|0.00|0.00|0.00|0.00|0.00|0.00|0.00|1|
20231031|3421101|0.00|0.00|870.68|0.00|870.68|0.00|870.68|0.00|0.00|0.00|870.68|0.00|0.00|0.00|0.00|0.00|1|
20230731|1213201|0.00|0.00|0.02|0.06|0.02|0.06|22285607.12|0.00|0.00|0.00|0.00|0.00|0.00|0.00|0.00|0.00|1|
20230430|1213201|0.00|0.00|0.00|0.01|0.00|0.01|2785700.89|0.00|0.00|0.00|0.00|0.00|0.00|0.00|0.00|0.00|1|
20231031|1291101|0.00|0.00|0.00|13450.86|0.00|13450.86|0.00|0.00|0.00|0.00|0.00|0.00|0.00|0.00|0.00|0.00|1|
20231130|1492102|0.00|0.00|9590.80|9590.80|9590.80|9590.80|0.00|0.00|0.00|0.00|0.00|0.00|0.00|0.00|0.00|0.00|1|
20231130|1891103|0.00|0.00|28877.73|28877.73|28877.73|28877.73|0.00|0.00|0.00|0.00|0.00|0.00|0.00|0.00|0.00|0.00|1|
20231130|4011101|0.00|0.00|634610.76|81098.39|634610.76|81098.39|909431292.00|0.00|0.00|0.00|0.00|0.00|0.00|0.00|0.00|0.00|1|
20231231|4011101|0.00|0.00|465696.78|4646.39|465696.78|4646.39|950769078.00|0.00|0.00|0.00|0.00|0.00|0.00|0.00|0.00|0.00|1|
20231031|6221102|0.00|0.00|577061.33|0.00|577061.33|0.00|1277146.26|0.00|0.00|0.00|0.00|0.00|0.00|0.00|0.00|0.00|1|
20231031|6273101|0.00|0.00|5790.95|0.00|5790.95|0.00|101587.68|0.00|0.00|0.00|0.00|0.00|0.00|0.00|0.00|0.00|1|
20231031|6312101|0.00|0.00|16653.04|0.00|16653.04|0.00|912167.60|0.00|0.00|0.00|0.00|0.00|0.00|0.00|0.00|0.00|1|
20231130|1061101|0.00|0.00|1922764.45|2519018.50|1922764.45|2519018.50|6103.70|0.00|0.00|0.00|0.00|0.00|0.00|0.00|0.00|0.00|1|
20231231|7599103|0.00|0.00|0.00|0.68|0.00|0.68|0.00|0.00|0.00|0.00|0.00|0.00|0.00|0.68|0.00|0.00|1|
20231130|7599107|0.00|0.00|0.00|70561.67|0.00|70561.67|0.00|0.00|0.00|0.00|0.00|0.00|0.00|70561.67|0.00|0.00|1|
20231231|6251103|0.00|0.00|68413.65|0.00|68413.65|0.00|10267623.50|0.00|0.00|0.00|0.00|0.00|0.00|0.00|0.00|0.00|1|
20231031|6221105|0.00|0.00|1841.62|0.00|1841.62|0.00|0.00|0.00|0.00|0.00|0.00|0.00|0.00|0.00|0.00|0.00|1|
20231231|1061201|0.00|0.00|50031.00|0.00|50031.00|0.00|2882796.88|0.00|0.00|0.00|50031.00|0.00|0.00|0.00|0.00|0.00|1|
20231231|1062103|0.00|0.00|700000.00|0.00|700000.00|0.00|700000.00|0.00|0.00|0.00|700000.00|0.00|0.00|0.00|0.00|0.00|1|
20231031|4699103|0.00|0.00|1849.00|1836.00|1849.00|1836.00|0.00|0.00|0.00|0.00|0.00|0.00|0.00|0.00|0.00|0.00|1|
20231031|6393118|0.00|0.00|1143560.36|0.00|1143560.36|0.00|1350201.95|0.00|0.00|0.00|0.00|0.00|0.00|0.00|0.00|0.00|1|
20231231|6371108|0.00|0.00|38517.46|1904.00|38517.46|1904.00|646960.44|0.00|0.00|0.00|0.00|0.00|0.00|0.00|0.00|0.00|1|
20231031|6373101|0.00|0.00|71593.56|0.00|71593.56|0.00|1129682.60|0.00|0.00|0.00|0.00|0.00|0.00|0.00|0.00|0.00|1|
20231130|6373101|0.00|0.00|21240.21|0.00|21240.21|0.00|677809.56|0.00|0.00|0.00|0.00|0.00|0.00|0.00|0.00|0.00|1|
20231031|6393113|0.00|0.00|94432.75|0.00|94432.75|0.00|188865.50|0.00|0.00|0.00|0.00|0.00|0.00|0.00|0.00|0.00|1|
20231130|6231101|0.00|0.00|51077.75|0.00|51077.75|0.00|186679.26|0.00|0.00|0.00|0.00|0.00|0.00|0.00|0.00|0.00|1|
20231031|6561109|0.00|0.00|7302.24|0.00|7302.24|0.00|29208.96|0.00|0.00|0.00|0.00|0.00|0.00|0.00|0.00|0.00|1|
20231231|6329102|0.00|0.00|110.17|0.00|110.17|0.00|5518.63|0.00|0.00|0.00|0.00|0.00|0.00|0.00|0.00|0.00|1|
20231130|6329106|0.00|0.00|58177.25|5800.00|58177.25|5800.00|3138991.25|0.00|0.00|0.00|0.00|0.00|0.00|0.00|0.00|0.00|1|
20231231|6329106|0.00|0.00|56272.00|0.00|56272.00|0.00|2511193.00|0.00|0.00|0.00|0.00|0.00|0.00|0.00|0.00|0.00|1|
20231130|7599105|0.00|0.00|0.00|21410.00|0.00|21410.00|0.00|0.00|0.00|0.00|0.00|0.00|0.00|21410.00|0.00|0.00|1|
20231231|7599105|0.00|0.00|0.00|21410.00|0.00|21410.00|0.00|0.00|0.00|0.00|0.00|0.00|0.00|21410.00|0.00|0.00|1|
20231031|7721101|0.00|0.00|0.00|536877.21|0.00|536877.21|0.00|0.00|0.00|0.00|0.00|0.00|0.00|536877.21|0.00|0.00|1|
20231130|6368101|0.00|0.00|696939.19|363133.12|696939.19|363133.12|3182606781.66|0.00|0.00|0.00|0.00|0.00|0.00|0.00|0.00|0.00|1|
20231231|6368101|0.00|0.00|358246.18|0.00|358246.18|0.00|3063312283.82|0.00|0.00|0.00|0.00|0.00|0.00|0.00|0.00|0.00|1|
20231031|6393103|0.00|0.00|3353.90|0.00|3353.90|0.00|21242.04|0.00|0.00|0.00|0.00|0.00|0.00|0.00|0.00|0.00|1|
20231031|6393111|0.00|0.00|441.06|0.00|441.06|0.00|1826.04|0.00|0.00|0.00|0.00|0.00|0.00|0.00|0.00|0.00|1|
20231231|6393111|0.00|0.00|102.60|0.00|102.60|0.00|6695.48|0.00|0.00|0.00|0.00|0.00|0.00|0.00|0.00|0.00|1|
20231031|6327103|0.00|0.00|56100.00|0.00|56100.00|0.00|367950.16|0.00|0.00|0.00|0.00|0.00|0.00|0.00|0.00|0.00|1|
20231031|6439102|0.00|0.00|12422.17|0.00|12422.17|0.00|206253.15|0.00|0.00|0.00|0.00|0.00|0.00|0.00|0.00|0.00|1|
20231031|6531102|0.00|0.00|40502.94|0.00|40502.94|0.00|225057.20|0.00|0.00|0.00|0.00|0.00|0.00|0.00|0.00|0.00|1|
20231031|6344104|0.00|0.00|2730.00|0.00|2730.00|0.00|2730.00|0.00|0.00|0.00|0.00|0.00|0.00|0.00|0.00|0.00|1|
20231231|6356101|0.00|0.00|11425.10|0.00|11425.10|0.00|384285.44|0.00|0.00|0.00|0.00|0.00|0.00|0.00|0.00|0.00|1|
20231130|6561107|0.00|0.00|2710.75|0.00|2710.75|0.00|597044.70|0.00|0.00|0.00|0.00|0.00|0.00|0.00|0.00|0.00|1|
20231031|6364102|0.00|0.00|93827.80|0.00|93827.80|0.00|1371923.04|0.00|0.00|0.00|0.00|0.00|0.00|0.00|0.00|0.00|1|
20231130|7032111|0.00|0.00|572408.95|5034703.21|572408.95|5034703.21|0.00|0.00|0.00|0.00|0.00|0.00|0.00|4462294.26|0.00|0.00|1|
20231031|4699102|0.00|0.00|1146.42|30986.84|1146.42|30986.84|0.00|0.00|0.00|0.00|0.00|29840.42|0.00|0.00|0.00|0.00|1|
20231031|5921101|0.00|0.00|5934270.43|0.00|5934270.43|0.00|39566995.03|0.00|0.00|0.00|0.00|0.00|0.00|0.00|0.00|0.00|1|
20231130|6211101|0.00|0.00|866604.80|0.00|866604.80|0.00|416082727.61|0.00|0.00|0.00|0.00|0.00|0.00|0.00|0.00|0.00|1|
20231130|6275101|0.00|0.00|94202.06|0.00|94202.06|0.00|50569700.16|0.00|0.00|0.00|0.00|0.00|0.00|0.00|0.00|0.00|1|
20231031|6275101|0.00|0.00|826523.78|0.00|826523.78|0.00|41087881.38|0.00|0.00|0.00|0.00|0.00|0.00|0.00|0.00|0.00|1|
20231130|4511112|0.00|0.00|46209.08|0.00|46209.08|0.00|138144.28|0.00|0.00|0.00|0.00|0.00|0.00|0.00|0.00|0.00|1|
20231231|4511112|0.00|0.00|22863.06|0.00|22863.06|0.00|69072.14|0.00|0.00|0.00|0.00|0.00|0.00|0.00|0.00|0.00|1|
20231031|6356104|0.00|0.00|14120.70|0.00|14120.70|0.00|111046.50|0.00|0.00|0.00|0.00|0.00|0.00|0.00|0.00|0.00|1|
20231031|6329103|0.00|0.00|13559.50|0.00|13559.50|0.00|16930.50|0.00|0.00|0.00|0.00|0.00|0.00|0.00|0.00|0.00|1|
20231130|6343101|0.00|0.00|11550.63|0.00|11550.63|0.00|2520780.66|0.00|0.00|0.00|0.00|0.00|0.00|0.00|0.00|0.00|1|
20231031|6343101|0.00|0.00|256821.95|0.00|256821.95|0.00|840260.22|0.00|0.00|0.00|0.00|0.00|0.00|0.00|0.00|0.00|1|
20231130|6344105|0.00|0.00|1509.04|0.00|1509.04|0.00|16617.18|0.00|0.00|0.00|0.00|0.00|0.00|0.00|0.00|0.00|1|
20231130|6363101|0.00|0.00|4582.78|3041.26|4582.78|3041.26|67932.20|0.00|0.00|0.00|0.00|0.00|0.00|0.00|0.00|0.00|1|
20231231|3961201|0.00|0.00|102.50|0.00|102.50|0.00|0.00|0.00|0.00|0.00|0.00|0.00|0.00|0.00|0.00|0.00|1|
20231130|6371103|0.00|0.00|70000.00|0.00|70000.00|0.00|141000.00|0.00|0.00|0.00|0.00|0.00|0.00|0.00|0.00|0.00|1|
20231031|6371103|0.00|0.00|28400.00|0.00|28400.00|0.00|141000.00|0.00|0.00|0.00|0.00|0.00|0.00|0.00|0.00|0.00|1|
20231031|6373102|0.00|0.00|206482.92|0.00|206482.92|0.00|3941836.43|0.00|0.00|0.00|0.00|0.00|0.00|0.00|0.00|0.00|1|
20231031|1213101|0.00|0.00|2507672.72|5205.27|2507672.72|5205.27|458728914.64|0.00|0.00|0.00|2502467.45|0.00|0.00|0.00|0.00|0.00|1|
20231031|6561106|0.00|0.00|24738.90|0.00|24738.90|0.00|449787.68|0.00|0.00|0.00|0.00|0.00|0.00|0.00|0.00|0.00|1|
20231031|6591101|0.00|0.00|445859.92|57680.96|445859.92|57680.96|1299767.61|0.00|0.00|0.00|0.00|0.00|0.00|0.00|0.00|0.00|1|
20231231|1413101|0.00|0.00|1896.61|6111.45|1896.61|6111.45|47757.60|0.00|0.00|0.00|0.00|0.00|0.00|0.00|0.00|0.00|1|
20231231|6275103|0.00|0.00|9273.96|0.00|9273.96|0.00|3998006.98|0.00|0.00|0.00|0.00|0.00|0.00|0.00|0.00|0.00|1|
20231231|1041103|0.00|0.00|49273.78|55041.78|49273.78|55041.78|1358741.76|0.00|0.00|0.00|0.00|0.00|0.00|0.00|0.00|0.00|1|
20231031|1041103|0.00|0.00|225894.57|0.00|225894.57|0.00|42460.68|0.00|0.00|0.00|225894.57|0.00|0.00|0.00|0.00|0.00|1|
20231130|1062104|0.00|0.00|13628.09|0.00|13628.09|0.00|1874687.72|0.00|0.00|0.00|13628.09|0.00|0.00|0.00|0.00|0.00|1|
20231130|4699104|0.00|0.00|61.47|0.00|61.47|0.00|0.00|0.00|0.00|0.00|0.00|0.00|0.00|0.00|0.00|0.00|1|
20231130|4699106|0.00|0.00|46866.78|39893.64|46866.78|39893.64|0.00|0.00|0.00|0.00|0.00|0.00|0.00|0.00|0.00|0.00|1|
20231130|6593117|0.00|0.00|144868.43|0.00|144868.43|0.00|4028740.60|0.00|0.00|0.00|0.00|0.00|0.00|0.00|0.00|0.00|1|
20231231|4699204|0.00|0.00|0.00|323.97|0.00|323.97|0.00|0.00|0.00|0.00|0.00|323.97|0.00|0.00|0.00|0.00|1|
20231130|4699204|0.00|0.00|323.97|0.00|323.97|0.00|0.00|0.00|0.00|0.00|0.00|0.00|0.00|0.00|0.00|0.00|1|
20231031|4017201|0.00|0.00|0.00|19.20|0.00|19.20|0.00|0.00|0.00|0.00|0.00|19.20|0.00|0.00|0.00|0.00|1|
20231031|4011401|0.00|0.00|0.00|1903.54|0.00|1903.54|0.00|0.00|0.00|0.00|0.00|1903.54|0.00|0.00|0.00|0.00|1|
20231031|3961301|0.00|0.00|0.00|564166.79|0.00|564166.79|0.00|0.00|0.00|0.00|564166.79|0.00|0.00|0.00|0.00|0.00|1|
20231031|4017401|0.00|0.00|0.00|9272.81|0.00|9272.81|0.00|0.00|0.00|0.00|0.00|9272.81|0.00|0.00|0.00|0.00|1|
20231031|3351101|0.00|0.00|510123.71|0.00|510123.71|0.00|639393.87|0.00|0.00|0.00|510123.71|0.00|0.00|0.00|0.00|0.00|1|
20231231|6531101|0.00|0.00|37500.00|0.00|37500.00|0.00|1165313.38|0.00|0.00|0.00|0.00|0.00|0.00|0.00|0.00|0.00|1|
20231130|4221202|0.00|0.00|89351.09|89351.09|89351.09|89351.09|0.00|0.00|0.00|0.00|0.00|0.00|0.00|0.00|0.00|0.00|1|
20231031|3311101|0.00|0.00|9821691.65|0.00|9821691.65|0.00|14068647.61|0.00|0.00|0.00|9821691.65|0.00|0.00|0.00|0.00|0.00|1|
20231031|3324101|0.00|0.00|902791.17|0.00|902791.17|0.00|1018441.20|0.00|0.00|0.00|902791.17|0.00|0.00|0.00|0.00|0.00|1|
20231031|3362101|0.00|0.00|12041.73|0.00|12041.73|0.00|12041.73|0.00|0.00|0.00|12041.73|0.00|0.00|0.00|0.00|0.00|1|
20231031|3961901|0.00|0.00|0.00|102781.96|0.00|102781.96|0.00|0.00|0.00|0.00|102781.96|0.00|0.00|0.00|0.00|0.00|1|
20231231|3961901|0.00|0.00|0.00|2664.80|0.00|2664.80|0.00|0.00|0.00|0.00|2664.80|0.00|0.00|0.00|0.00|0.00|1|
20231231|4212102|0.00|0.00|7428.90|7428.90|7428.90|7428.90|0.00|0.00|0.00|0.00|0.00|0.00|0.00|0.00|0.00|0.00|1|
20231130|3952601|0.00|0.00|0.00|4021.96|0.00|4021.96|0.00|0.00|0.00|0.00|4021.96|0.00|0.00|0.00|0.00|0.00|1|
20231130|1213201|0.00|0.00|2245194.78|2364670.19|2245194.78|2364670.19|4972476088.65|0.00|0.00|0.00|0.00|0.00|0.00|0.00|0.00|0.00|1|
20230630|1213201|0.00|0.00|0.01|0.02|0.01|0.02|8357102.67|0.00|0.00|0.00|0.00|0.00|0.00|0.00|0.00|0.00|1|
20231130|4031102|0.00|0.00|10.00|10.00|10.00|10.00|0.00|0.00|0.00|0.00|0.00|0.00|0.00|0.00|0.00|0.00|1|
20231130|1413102|0.00|0.00|53624.95|46082.00|53624.95|46082.00|2476855.98|0.00|0.00|0.00|7542.95|0.00|0.00|0.00|0.00|0.00|1|
20231031|1221103|0.00|0.00|1419.82|0.00|1419.82|0.00|175856.69|0.00|0.00|0.00|1419.82|0.00|0.00|0.00|0.00|0.00|1|
20231130|6314101|0.00|0.00|6545.77|0.00|6545.77|0.00|9616274.67|0.00|0.00|0.00|0.00|0.00|0.00|0.00|0.00|0.00|1|
20231130|6329105|0.00|0.00|3737.00|0.00|3737.00|0.00|11385.00|0.00|0.00|0.00|0.00|0.00|0.00|0.00|0.00|0.00|1|
20231231|6343109|0.00|0.00|97.46|0.00|97.46|0.00|3841.40|0.00|0.00|0.00|0.00|0.00|0.00|0.00|0.00|0.00|1|
20231130|6371105|0.00|0.00|16859.20|0.00|16859.20|0.00|279919.88|0.00|0.00|0.00|0.00|0.00|0.00|0.00|0.00|0.00|1|
20231130|6393108|0.00|0.00|967.83|0.00|967.83|0.00|11666.37|0.00|0.00|0.00|0.00|0.00|0.00|0.00|0.00|0.00|1|
20231231|6393112|0.00|0.00|313.89|0.00|313.89|0.00|1783.95|0.00|0.00|0.00|0.00|0.00|0.00|0.00|0.00|0.00|1|
20231031|6841101|0.00|0.00|324484.85|0.00|324484.85|0.00|1481941.56|0.00|0.00|0.00|0.00|0.00|0.00|0.00|0.00|0.00|1|
20231130|6561105|0.00|0.00|2525.92|0.00|2525.92|0.00|659277.20|0.00|0.00|0.00|0.00|0.00|0.00|0.00|0.00|0.00|1|
20231031|6593112|0.00|0.00|74125.32|0.00|74125.32|0.00|202524.58|0.00|0.00|0.00|0.00|0.00|0.00|0.00|0.00|0.00|1|
20231231|1041102|0.00|0.00|360528.50|227947.56|360528.50|227947.56|149658796.80|0.00|0.00|0.00|132580.94|0.00|0.00|0.00|0.00|0.00|1|
20231231|1221203|0.00|0.00|256966.89|181638.16|256966.89|181638.16|176219826.30|0.00|0.00|0.00|75328.73|0.00|0.00|0.00|0.00|0.00|1|
20231031|6211102|0.00|0.00|60577.50|0.00|60577.50|0.00|2432750.55|0.00|0.00|0.00|0.00|0.00|0.00|0.00|0.00|0.00|1|
20231130|6275104|0.00|0.00|1017.19|1016.92|1017.19|1016.92|7715822.10|0.00|0.00|0.00|0.00|0.00|0.00|0.00|0.00|0.00|1|
20231231|6275104|0.00|0.00|949.16|0.00|949.16|0.00|3600716.98|0.00|0.00|0.00|0.00|0.00|0.00|0.00|0.00|0.00|1|
20231130|6273102|0.00|0.00|394.44|0.00|394.44|0.00|50454.48|0.00|0.00|0.00|0.00|0.00|0.00|0.00|0.00|0.00|1|
20231231|6329104|0.00|0.00|281850.00|0.00|281850.00|0.00|34117755.36|0.00|0.00|0.00|0.00|0.00|0.00|0.00|0.00|0.00|1|
20231231|4699105|0.00|0.00|19267.26|13.00|19267.26|13.00|0.00|0.00|0.00|0.00|0.00|0.00|0.00|0.00|0.00|0.00|1|
20231231|4699107|0.00|0.00|1055.00|13.00|1055.00|13.00|0.00|0.00|0.00|0.00|0.00|0.00|0.00|0.00|0.00|0.00|1|
20231031|6367101|0.00|0.00|792.20|0.00|792.20|0.00|950.64|0.00|0.00|0.00|0.00|0.00|0.00|0.00|0.00|0.00|1|
20231031|6214102|0.00|0.00|431770.18|0.00|431770.18|0.00|17890961.87|0.00|0.00|0.00|0.00|0.00|0.00|0.00|0.00|0.00|1|
20231231|6373101|0.00|0.00|20000.00|0.00|20000.00|0.00|112968.26|0.00|0.00|0.00|0.00|0.00|0.00|0.00|0.00|0.00|1|
20231130|6329102|0.00|0.00|267.29|0.00|267.29|0.00|11037.26|0.00|0.00|0.00|0.00|0.00|0.00|0.00|0.00|0.00|1|
20231031|6356101|0.00|0.00|133870.86|0.00|133870.86|0.00|576428.16|0.00|0.00|0.00|0.00|0.00|0.00|0.00|0.00|0.00|1|
20231231|6364106|0.00|0.00|2405.00|0.00|2405.00|0.00|168291.86|0.00|0.00|0.00|0.00|0.00|0.00|0.00|0.00|0.00|1|
20231231|6393116|0.00|0.00|4978.39|0.00|4978.39|0.00|9430.54|0.00|0.00|0.00|0.00|0.00|0.00|0.00|0.00|0.00|1|
20231031|5911101|0.00|0.00|0.00|23656559.80|0.00|23656559.80|0.00|0.00|0.00|0.00|0.00|23656559.80|0.00|0.00|0.00|0.00|1|
20231231|6251104|0.00|0.00|2523.00|0.00|2523.00|0.00|30630.00|0.00|0.00|0.00|0.00|0.00|0.00|0.00|0.00|0.00|1|
20231031|6311201|0.00|0.00|272746.93|0.00|272746.93|0.00|16247046.00|0.00|0.00|0.00|0.00|0.00|0.00|0.00|0.00|0.00|1|
20231130|6315101|0.00|0.00|293.00|0.00|293.00|0.00|169562.52|0.00|0.00|0.00|0.00|0.00|0.00|0.00|0.00|0.00|1|
20231231|6315101|0.00|0.00|1420.39|0.00|1420.39|0.00|678250.08|0.00|0.00|0.00|0.00|0.00|0.00|0.00|0.00|0.00|1|
20231130|6432101|0.00|0.00|4227.47|0.00|4227.47|0.00|164275.47|0.00|0.00|0.00|0.00|0.00|0.00|0.00|0.00|0.00|1|
20231130|3952702|0.00|0.00|0.00|9174.75|0.00|9174.75|0.00|0.00|0.00|0.00|9174.75|0.00|0.00|0.00|0.00|0.00|1|
20231031|1821103|0.00|0.00|385.65|0.00|385.65|0.00|0.00|0.00|0.00|0.00|385.65|0.00|0.00|0.00|0.00|0.00|1|
20231130|1821103|0.00|0.00|0.00|385.65|0.00|385.65|0.00|0.00|0.00|0.00|0.00|0.00|0.00|0.00|0.00|0.00|1|
20231130|6361101|0.00|0.00|31585.37|18326.23|31585.37|18326.23|1468352.40|0.00|0.00|0.00|0.00|0.00|0.00|0.00|0.00|0.00|1|
20231031|6363101|0.00|0.00|12044.92|0.00|12044.92|0.00|13586.44|0.00|0.00|0.00|0.00|0.00|0.00|0.00|0.00|0.00|1|
20231231|6371103|0.00|0.00|42600.00|0.00|42600.00|0.00|141000.00|0.00|0.00|0.00|0.00|0.00|0.00|0.00|0.00|0.00|1|
20231130|6373102|0.00|0.00|115267.20|0.00|115267.20|0.00|6194314.39|0.00|0.00|0.00|0.00|0.00|0.00|0.00|0.00|0.00|1|
20231130|6393114|0.00|0.00|8631.37|6000.00|8631.37|6000.00|27811287.90|0.00|0.00|0.00|0.00|0.00|0.00|0.00|0.00|0.00|1|
20231031|6531103|0.00|0.00|24721.44|0.00|24721.44|0.00|81148.44|0.00|0.00|0.00|0.00|0.00|0.00|0.00|0.00|0.00|1|
20231231|4241201|0.00|0.00|3495.64|2119.68|3495.64|2119.68|0.00|0.00|0.00|0.00|0.00|0.00|0.00|0.00|0.00|0.00|1|
20231031|1411101|0.00|0.00|25505.94|0.00|25505.94|0.00|24437.03|0.00|0.00|0.00|25505.94|0.00|0.00|0.00|0.00|0.00|1|
20231130|4891101|0.00|0.00|0.00|43333.33|0.00|43333.33|0.00|0.00|0.00|0.00|0.00|43333.33|0.00|0.00|0.00|0.00|1|
20231031|6212101|0.00|0.00|91497.00|0.00|91497.00|0.00|97845.00|0.00|0.00|0.00|0.00|0.00|0.00|0.00|0.00|0.00|1|
20231031|6275103|0.00|0.00|92512.06|0.00|92512.06|0.00|4103217.69|0.00|0.00|0.00|0.00|0.00|0.00|0.00|0.00|0.00|1|
20231130|6311101|0.00|0.00|939.14|0.00|939.14|0.00|18040.18|0.00|0.00|0.00|0.00|0.00|0.00|0.00|0.00|0.00|1|
20231031|7032121|0.00|0.00|83791.74|601288.29|83791.74|601288.29|0.00|0.00|0.00|0.00|0.00|0.00|0.00|517496.55|0.00|0.00|1|
20231231|6561102|0.00|0.00|52971.97|0.00|52971.97|0.00|22495872.30|0.00|0.00|0.00|0.00|0.00|0.00|0.00|0.00|0.00|1|
20231031|4699106|0.00|0.00|0.00|70016.27|0.00|70016.27|0.00|0.00|0.00|0.00|0.00|70016.27|0.00|0.00|0.00|0.00|1|
20231130|4017201|0.00|0.00|19.20|608.35|19.20|608.35|0.00|0.00|0.00|0.00|0.00|589.15|0.00|0.00|0.00|0.00|1|
20231231|4017201|0.00|0.00|0.00|625.01|0.00|625.01|0.00|0.00|0.00|0.00|0.00|625.01|0.00|0.00|0.00|0.00|1|
20231231|3961101|0.00|0.00|0.00|609.90|0.00|609.90|0.00|0.00|0.00|0.00|609.90|0.00|0.00|0.00|0.00|0.00|1|
20231130|3961301|0.00|0.00|0.00|21561.35|0.00|21561.35|0.00|0.00|0.00|0.00|21561.35|0.00|0.00|0.00|0.00|0.00|1|
20231031|4031101|0.00|0.00|0.00|67907.53|0.00|67907.53|0.00|0.00|0.00|0.00|0.00|67907.53|0.00|0.00|0.00|0.00|1|
20231031|3200|0.00|0.00|15652702.64|15652702.82|15652702.64|15652702.82|0.00|0.00|0.00|0.00|0.00|0.00|0.00|0.00|0.00|0.00|1|
20231031|4211103|0.00|0.00|0.00|502913.08|0.00|502913.08|0.00|0.00|0.00|0.00|0.00|502913.08|0.00|0.00|0.00|0.00|1|
20231031|1821106|0.00|0.00|5263.93|0.00|5263.93|0.00|4311.21|0.00|0.00|0.00|5263.93|0.00|0.00|0.00|0.00|0.00|1|
20231130|1821106|0.00|0.00|0.00|952.72|0.00|952.72|90535.41|0.00|0.00|0.00|0.00|0.00|0.00|0.00|0.00|0.00|1|
20231130|4011201|0.00|0.00|5198.00|5198.00|5198.00|5198.00|0.00|0.00|0.00|0.00|0.00|0.00|0.00|0.00|0.00|0.00|1|
20231231|1911201|0.00|0.00|0.00|1732.55|0.00|1732.55|0.00|0.00|0.00|0.00|1732.55|0.00|0.00|0.00|0.00|0.00|1|
20231130|1911201|0.00|0.00|1732.55|0.00|1732.55|0.00|0.00|0.00|0.00|0.00|0.00|0.00|0.00|0.00|0.00|0.00|1|
20231231|4221202|0.00|0.00|65843.39|85689.39|65843.39|85689.39|0.00|0.00|0.00|0.00|0.00|19846.00|0.00|0.00|0.00|0.00|1|
20230930||0.00|0.00|0.16|0.13|0.16|0.13|3.48|0.00|0.00|0.00|0.00|0.00|0.00|0.00|0.00|0.00|1|
20230630||0.00|0.00|0.02|0.01|0.02|0.01|0.36|0.00|0.00|0.00|0.00|0.00|0.00|0.00|0.00|0.00|1|
20230831||0.00|0.00|0.01|0.00|0.01|0.00|0.12|0.00|0.00|0.00|0.00|0.00|0.00|0.00|0.00|0.00|1|
20231031|3321101|0.00|0.00|6902151.90|0.00|6902151.90|0.00|9775108.42|0.00|0.00|0.00|6902151.90|0.00|0.00|0.00|0.00|0.00|1|
20231031|3363101|0.00|0.00|182026.58|0.00|182026.58|0.00|182026.58|0.00|0.00|0.00|182026.58|0.00|0.00|0.00|0.00|0.00|1|
20231130|4111101|0.00|0.00|795328.67|817641.16|795328.67|817641.16|0.00|0.00|0.00|0.00|0.00|22312.49|0.00|0.00|0.00|0.00|1|
20231130|4212102|0.00|0.00|15258.04|15258.04|15258.04|15258.04|0.00|0.00|0.00|0.00|0.00|0.00|0.00|0.00|0.00|0.00|1|
20231031|1211102|0.00|0.00|1065010.08|0.00|1065010.08|0.00|214337210.99|0.00|0.00|0.00|1065010.08|0.00|0.00|0.00|0.00|0.00|1|
20231031|1413102|0.00|0.00|28992.90|704.85|28992.90|704.85|692454.36|0.00|0.00|0.00|28288.05|0.00|0.00|0.00|0.00|0.00|1|
20231031|1821108|0.00|0.00|348.15|0.00|348.15|0.00|278.52|0.00|0.00|0.00|348.15|0.00|0.00|0.00|0.00|0.00|1|
20231130|1821108|0.00|0.00|0.00|69.63|0.00|69.63|557.04|0.00|0.00|0.00|0.00|0.00|0.00|0.00|0.00|0.00|1|
20231031|4114101|0.00|0.00|0.00|572215.80|0.00|572215.80|0.00|0.00|0.00|0.00|0.00|572215.80|0.00|0.00|0.00|0.00|1|
20231130|4241101|0.00|0.00|14400.00|22020.00|14400.00|22020.00|0.00|0.00|0.00|0.00|0.00|7620.00|0.00|0.00|0.00|0.00|1|
20231130|1221103|0.00|0.00|167384.59|60737.24|167384.59|60737.24|35171338.00|0.00|0.00|0.00|106647.35|0.00|0.00|0.00|0.00|0.00|1|
20231031|4212201|0.00|0.00|6672.84|1110915.31|6672.84|1110915.31|0.00|0.00|0.00|0.00|0.00|1104242.47|0.00|0.00|0.00|0.00|1|
20231231|4212201|0.00|0.00|1239802.54|1053717.14|1239802.54|1053717.14|0.00|0.00|0.00|0.00|0.00|0.00|0.00|0.00|0.00|0.00|1|
20230930|4212201|0.00|0.00|0.00|0.02|0.00|0.02|0.00|0.00|0.00|0.00|0.00|0.02|0.00|0.00|0.00|0.00|1|
20231231|6314101|0.00|0.00|9821.04|0.00|9821.04|0.00|21006425.25|0.00|0.00|0.00|0.00|0.00|0.00|0.00|0.00|0.00|1|
20231130|6343109|0.00|0.00|161.01|0.00|161.01|0.00|5762.10|0.00|0.00|0.00|0.00|0.00|0.00|0.00|0.00|0.00|1|
20231031|6861101|0.00|0.00|12407.94|0.00|12407.94|0.00|125764.92|0.00|0.00|0.00|0.00|0.00|0.00|0.00|0.00|0.00|1|
20231231|6593112|0.00|0.00|8373.55|0.00|8373.55|0.00|506311.45|0.00|0.00|0.00|0.00|0.00|0.00|0.00|0.00|0.00|1|
20231130|6861301|0.00|0.00|21561.35|0.00|21561.35|0.00|1739778.17|0.00|0.00|0.00|0.00|0.00|0.00|0.00|0.00|0.00|1|
20231130|1041102|0.00|0.00|399004.08|453929.08|399004.08|453929.08|309017700.80|0.00|0.00|0.00|0.00|0.00|0.00|0.00|0.00|0.00|1|
20231231|1061101|0.00|0.00|0.00|367000.00|0.00|367000.00|1220.74|0.00|0.00|0.00|0.00|0.00|0.00|0.00|0.00|0.00|1|
20231231|1041201|0.00|0.00|883463.18|2340777.96|883463.18|2340777.96|0.00|0.00|0.00|0.00|0.00|0.00|0.00|0.00|0.00|0.00|1|
20231130|6251103|0.00|0.00|14118.85|0.00|14118.85|0.00|2053524.70|0.00|0.00|0.00|0.00|0.00|0.00|0.00|0.00|0.00|1|
20231031|6275104|0.00|0.00|10389.10|0.00|10389.10|0.00|2571940.70|0.00|0.00|0.00|0.00|0.00|0.00|0.00|0.00|0.00|1|
20231031|6221103|0.00|0.00|44371.80|0.00|44371.80|0.00|1401823.64|0.00|0.00|0.00|0.00|0.00|0.00|0.00|0.00|0.00|1|
20231130|6221109|0.00|0.00|300.00|0.00|300.00|0.00|3840.00|0.00|0.00|0.00|0.00|0.00|0.00|0.00|0.00|0.00|1|
20231130|6241102|0.00|0.00|12713.04|0.00|12713.04|0.00|1628023.18|0.00|0.00|0.00|0.00|0.00|0.00|0.00|0.00|0.00|1|
20231031|6241102|0.00|0.00|199800.01|0.00|199800.01|0.00|4651494.80|0.00|0.00|0.00|0.00|0.00|0.00|0.00|0.00|0.00|1|
20231031|1221201|0.00|0.00|0.00|5763.80|0.00|5763.80|0.00|0.00|0.00|0.00|0.00|0.00|0.00|0.00|0.00|0.00|1|
20231231|4699103|0.00|0.00|381.00|26.00|381.00|26.00|0.00|0.00|0.00|0.00|0.00|0.00|0.00|0.00|0.00|0.00|1|
20231231|6393118|0.00|0.00|206641.59|0.00|206641.59|0.00|2700403.90|0.00|0.00|0.00|0.00|0.00|0.00|0.00|0.00|0.00|1|
20231130|6371108|0.00|0.00|9598.00|0.00|9598.00|0.00|92422.92|0.00|0.00|0.00|0.00|0.00|0.00|0.00|0.00|0.00|1|
20231031|6391101|0.00|0.00|4648.67|0.00|4648.67|0.00|12015.82|0.00|0.00|0.00|0.00|0.00|0.00|0.00|0.00|0.00|1|
20231130|6393109|0.00|0.00|83809.72|0.00|83809.72|0.00|2303383.32|0.00|0.00|0.00|0.00|0.00|0.00|0.00|0.00|0.00|1|
20231231|6393115|0.00|0.00|276971.68|10366.25|276971.68|10366.25|20728412.32|0.00|0.00|0.00|0.00|0.00|0.00|0.00|0.00|0.00|1|
20231031|6329106|0.00|0.00|519149.00|0.00|519149.00|0.00|627798.25|0.00|0.00|0.00|0.00|0.00|0.00|0.00|0.00|0.00|1|
20231130|7761101|0.00|0.00|0.00|47461.13|0.00|47461.13|0.00|0.00|0.00|0.00|0.00|0.00|0.00|47461.13|0.00|0.00|1|
20231231|6356103|0.00|0.00|15651.45|0.00|15651.45|0.00|221387.67|0.00|0.00|0.00|0.00|0.00|0.00|0.00|0.00|0.00|1|
20231031|6321103|0.00|0.00|74115.00|0.00|74115.00|0.00|115988.50|0.00|0.00|0.00|0.00|0.00|0.00|0.00|0.00|0.00|1|
20231231|6861201|0.00|0.00|0.00|102.50|0.00|102.50|271.58|0.00|0.00|0.00|0.00|0.00|102.50|0.00|0.00|0.00|1|
20231231|6354102|0.00|0.00|17188.50|0.00|17188.50|0.00|562729.16|0.00|0.00|0.00|0.00|0.00|0.00|0.00|0.00|0.00|1|
20231231|6561107|0.00|0.00|2409.58|0.00|2409.58|0.00|511752.60|0.00|0.00|0.00|0.00|0.00|0.00|0.00|0.00|0.00|1|
20231130|6364102|0.00|0.00|20008.17|9163.84|20008.17|9163.84|5830672.92|0.00|0.00|0.00|0.00|0.00|0.00|0.00|0.00|0.00|1|
20231231|6364102|0.00|0.00|9654.79|0.00|9654.79|0.00|11661345.84|0.00|0.00|0.00|0.00|0.00|0.00|0.00|0.00|0.00|1|
20231231|7032111|0.00|0.00|283699.41|3148324.94|283699.41|3148324.94|0.00|0.00|0.00|0.00|0.00|0.00|0.00|2864625.53|0.00|0.00|1|
20231031|6211101|0.00|0.00|8170204.41|0.00|8170204.41|0.00|375489290.77|0.00|0.00|0.00|0.00|0.00|0.00|0.00|0.00|0.00|1|
20231231|6275101|0.00|0.00|74652.77|0.00|74652.77|0.00|58997983.52|0.00|0.00|0.00|0.00|0.00|0.00|0.00|0.00|0.00|1|
20231130|6352104|0.00|0.00|148927.47|74463.74|148927.47|74463.74|70044691.85|0.00|0.00|0.00|0.00|0.00|0.00|0.00|0.00|0.00|1|
20231031|6361101|0.00|0.00|156434.09|0.00|156434.09|0.00|183544.05|0.00|0.00|0.00|0.00|0.00|0.00|0.00|0.00|0.00|1|
20231031|1891102|0.00|0.00|85433.82|0.00|85433.82|0.00|813301.50|0.00|0.00|0.00|85433.82|0.00|0.00|0.00|0.00|0.00|1|
20231231|6391102|0.00|0.00|3600.56|0.00|3600.56|0.00|3413147.60|0.00|0.00|0.00|0.00|0.00|0.00|0.00|0.00|0.00|1|
20231231|6393106|0.00|0.00|125377.39|0.00|125377.39|0.00|133729423.68|0.00|0.00|0.00|0.00|0.00|0.00|0.00|0.00|0.00|1|
20231231|6393114|0.00|0.00|2251.01|593.22|2251.01|593.22|37081717.20|0.00|0.00|0.00|0.00|0.00|0.00|0.00|0.00|0.00|1|
20231031|4211101|0.00|0.00|0.00|265311.38|0.00|265311.38|0.00|0.00|0.00|0.00|0.00|265311.38|0.00|0.00|0.00|0.00|1|
20231130|1211101|0.00|0.00|461055.49|619739.34|461055.49|619739.34|137178986.46|0.00|0.00|0.00|0.00|0.00|0.00|0.00|0.00|0.00|1|
20231130|6591101|0.00|0.00|101.70|0.00|101.70|0.00|433255.87|0.00|0.00|0.00|0.00|0.00|0.00|0.00|0.00|0.00|1|
20231130|6593103|0.00|0.00|81806.17|0.00|81806.17|0.00|33825946.86|0.00|0.00|0.00|0.00|0.00|0.00|0.00|0.00|0.00|1|
20231130|1411101|0.00|0.00|2878.24|4041.08|2878.24|4041.08|366555.45|0.00|0.00|0.00|0.00|0.00|0.00|0.00|0.00|0.00|1|
20231130|6841501|0.00|0.00|14699.00|0.00|14699.00|0.00|6900621.30|0.00|0.00|0.00|0.00|0.00|0.00|0.00|0.00|0.00|1|
20231031|1811101|0.00|0.00|1886691.80|0.00|1886691.80|0.00|1861552.84|0.00|0.00|0.00|1886691.80|0.00|0.00|0.00|0.00|0.00|1|
20231130|1821107|0.00|0.00|0.00|2556.55|0.00|2556.55|0.00|0.00|0.00|0.00|0.00|0.00|0.00|0.00|0.00|0.00|1|
20231231|6241101|0.00|0.00|25000.00|0.00|25000.00|0.00|153678.10|0.00|0.00|0.00|0.00|0.00|0.00|0.00|0.00|0.00|1|
20231031|6291101|0.00|0.00|979651.33|0.00|979651.33|0.00|44418075.24|0.00|0.00|0.00|0.00|0.00|0.00|0.00|0.00|0.00|1|
20231130|6291101|0.00|0.00|100674.44|4816.96|100674.44|4816.96|63625891.56|0.00|0.00|0.00|0.00|0.00|0.00|0.00|0.00|0.00|1|
20231231|6311101|0.00|0.00|1026.61|0.00|1026.61|0.00|108241.08|0.00|0.00|0.00|0.00|0.00|0.00|0.00|0.00|0.00|1|
20231031|6313101|0.00|0.00|103356.28|0.00|103356.28|0.00|2035185.26|0.00|0.00|0.00|0.00|0.00|0.00|0.00|0.00|0.00|1|
20231031|6561102|0.00|0.00|148491.55|0.00|148491.55|0.00|1431555.51|0.00|0.00|0.00|0.00|0.00|0.00|0.00|0.00|0.00|1|
20231031|1041202|0.00|0.00|57720.84|0.00|57720.84|0.00|590811.21|0.00|0.00|0.00|57720.84|0.00|0.00|0.00|0.00|0.00|1|
20231130|6593115|0.00|0.00|1885.36|377.50|1885.36|377.50|26204.90|0.00|0.00|0.00|0.00|0.00|0.00|0.00|0.00|0.00|1|
20231231|6593115|0.00|0.00|939.05|0.00|939.05|0.00|10481.96|0.00|0.00|0.00|0.00|0.00|0.00|0.00|0.00|0.00|1|
20231231|1061202|0.00|0.00|42685.99|0.00|42685.99|0.00|6285088.00|0.00|0.00|0.00|42685.99|0.00|0.00|0.00|0.00|0.00|1|
20231231|1041101|0.00|0.00|2871088.72|3394141.49|2871088.72|3394141.49|0.00|0.00|0.00|0.00|0.00|0.00|0.00|0.00|0.00|0.00|1|
20231231|1061102|0.00|0.00|0.00|385000.00|0.00|385000.00|1969.46|0.00|0.00|0.00|0.00|0.00|0.00|0.00|0.00|0.00|1|
20231231|4699108|0.00|0.00|0.00|300.90|0.00|300.90|0.00|0.00|0.00|0.00|0.00|300.90|0.00|0.00|0.00|0.00|1|
20231031|7791101|0.00|0.00|0.00|4204.93|0.00|4204.93|0.00|0.00|0.00|0.00|0.00|0.00|0.00|4204.93|0.00|0.00|1|
20231130|3491101|0.00|0.00|14634.54|14634.54|14634.54|14634.54|2285026.78|0.00|0.00|0.00|0.00|0.00|0.00|0.00|0.00|0.00|1|
20231031|4151101|0.00|0.00|0.00|572859.92|0.00|572859.92|0.00|0.00|0.00|0.00|0.00|572859.92|0.00|0.00|0.00|0.00|1|
20231130|3431101|0.00|0.00|101969.02|0.00|101969.02|0.00|8142418.44|0.00|0.00|0.00|101969.02|0.00|0.00|0.00|0.00|0.00|1|
