20231031|1821105|0.00|0.00|40,657.44|0.00|40,657.44|0.00|34,849.23|0.00|0.00|0.00|40,657.44|0.00|0.00|0.00|0.00|0.00|1|
20231231|7599108|0.00|0.00|0.00|177.34|0.00|177.34|0.00|-43,599.15|0.00|0.00|0.00|0.00|0.00|177.34|0.00|0.00|1|
20231031|1911201|0.00|0.00|0.00|64,625.37|0.00|64,625.37|0.00|-64,625.37|0.00|0.00|64,625.37|0.00|0.00|0.00|0.00|0.00|1|
20231231|4221101|0.00|0.00|3,726.31|0.00|3,726.31|0.00|174,997.77|0.00|0.00|0.00|0.00|-3,726.31|0.00|0.00|0.00|0.00|1|
20231031||0.00|0.00|0.53|0.48|0.53|0.48|12.12|0.00|0.00|0.00|0.00|0.00|0.00|0.00|0.00|0.00|1|
20231130|2524101|0.00|0.00|226.19|226.19|226.19|226.19|0.00|0.00|0.00|0.00|0.00|0.00|0.00|0.00|0.00|0.00|1|
20231130|4171101|0.00|0.00|74,038.37|74,038.37|74,038.37|74,038.37|57,533.55|0.00|0.00|0.00|0.00|0.00|0.00|0.00|0.00|0.00|1|
20231231|1213201|0.00|0.00|1,932,003.07|1,460,709.58|1,932,003.07|1,460,709.58|3,273,198,545.75|0.00|0.00|0.00|471,293.49|0.00|0.00|0.00|0.00|0.00|1|
20230531|1213201|0.00|0.00|0.00|0.01|0.00|0.01|2,785,700.89|0.00|0.00|0.00|0.00|0.00|0.00|0.00|0.00|0.00|1|
20231031|4031102|0.00|0.00|0.00|10.00|0.00|10.00|0.00|0.00|0.00|0.00|0.00|10.00|0.00|0.00|0.00|0.00|1|
20231031|4241101|0.00|0.00|0.00|1,200.00|0.00|1,200.00|0.00|-8,028.00|0.00|0.00|0.00|1,200.00|0.00|0.00|0.00|0.00|1|
20231130|1699101|0.00|0.00|978.58|1,459.72|978.58|1,459.72|96,818.04|0.00|0.00|0.00|0.00|0.00|0.00|0.00|0.00|0.00|1|
20231130|6221102|0.00|0.00|61,511.80|0.00|61,511.80|0.00|1,277,146.26|0.00|0.00|0.00|0.00|0.00|-61,511.80|0.00|0.00|0.00|1|
20231130|6221106|0.00|0.00|1,614.51|0.00|1,614.51|0.00|21,120.00|0.00|0.00|0.00|0.00|0.00|-1,614.51|0.00|0.00|0.00|1|
20231130|6273101|0.00|0.00|558.28|0.00|558.28|0.00|82,539.99|0.00|0.00|0.00|0.00|0.00|0.00|0.00|0.00|0.00|1|
20231031|6343105|0.00|0.00|90,548.43|0.00|90,548.43|0.00|181,096.86|0.00|0.00|0.00|0.00|0.00|-90,548.43|0.00|0.00|0.00|1|
20231031|6343109|0.00|0.00|1,662.23|0.00|1,662.23|0.00|7,682.80|0.00|0.00|0.00|0.00|0.00|-1,662.23|0.00|0.00|0.00|1|
20231231|6393108|0.00|0.00|967.83|0.00|967.83|0.00|23,332.74|0.00|0.00|0.00|0.00|0.00|0.00|0.00|0.00|0.00|1|
20231031|6393108|0.00|0.00|9,730.71|0.00|9,730.71|0.00|23,332.74|0.00|0.00|0.00|0.00|0.00|-9,730.71|0.00|0.00|0.00|1|
20231031|6393112|0.00|0.00|42.90|0.00|42.90|0.00|356.79|0.00|0.00|0.00|0.00|0.00|0.00|0.00|0.00|0.00|1|
20231130|6593101|0.00|0.00|49.72|0.49|49.72|0.49|27,324.36|0.00|0.00|0.00|0.00|0.00|0.00|0.00|0.00|0.00|1|
20231031|6731101|0.00|0.00|267,654.12|0.00|267,654.12|0.00|585,586.16|0.00|0.00|0.00|0.00|0.00|-267,654.12|0.00|0.00|0.00|1|
20231031|6561105|0.00|0.00|65,780.97|0.00|65,780.97|0.00|2,225,060.55|0.00|0.00|0.00|0.00|0.00|-65,780.97|0.00|0.00|0.00|1|
20231130|6593112|0.00|0.00|18,763.42|0.00|18,763.42|0.00|405,049.16|0.00|0.00|0.00|0.00|0.00|-18,763.42|0.00|0.00|0.00|1|
20231031|7599103|0.00|0.00|0.00|26,637.77|0.00|26,637.77|0.00|-85,579.65|0.00|0.00|0.00|0.00|0.00|26,637.77|0.00|0.00|1|
20231130|1221203|0.00|0.00|299,433.25|96,183.57|299,433.25|96,183.57|144,612,143.17|0.00|0.00|0.00|203,249.68|0.00|0.00|0.00|0.00|0.00|1|
20231031|6215101|0.00|0.00|793,810.96|0.00|793,810.96|0.00|35,978,747.09|0.00|0.00|0.00|0.00|0.00|-793,810.96|0.00|0.00|0.00|1|
20231130|6215101|0.00|0.00|76,987.59|0.00|76,987.59|0.00|41,813,138.51|0.00|0.00|0.00|0.00|0.00|-76,987.59|0.00|0.00|0.00|1|
20231231|6221109|0.00|0.00|60.00|0.00|60.00|0.00|3,840.00|0.00|0.00|0.00|0.00|0.00|0.00|0.00|0.00|0.00|1|
20231130|1010101|0.00|0.00|868.10|868.10|868.10|868.10|0.00|0.00|0.00|0.00|0.00|0.00|0.00|0.00|0.00|0.00|1|
20231031|6329104|0.00|0.00|1,872,968.58|48,239.34|1,872,968.58|48,239.34|36,742,198.08|0.00|0.00|0.00|0.00|0.00|-1,824,729.24|0.00|0.00|0.00|1|
20231130|1062105|0.00|0.00|352,000.00|352,000.00|352,000.00|352,000.00|0.00|0.00|0.00|0.00|0.00|0.00|0.00|0.00|0.00|0.00|1|
20231031|4699105|0.00|0.00|0.00|15,876.46|0.00|15,876.46|0.00|-4,537.90|0.00|0.00|0.00|15,876.46|0.00|0.00|0.00|0.00|1|
20231130|6371106|0.00|0.00|13,953.20|0.00|13,953.20|0.00|1,448,713.98|0.00|0.00|0.00|0.00|0.00|-13,953.20|0.00|0.00|0.00|1|
20231130|6214102|0.00|0.00|3,316.83|0.00|3,316.83|0.00|483,539.51|0.00|0.00|0.00|0.00|0.00|-3,316.83|0.00|0.00|0.00|1|
20231130|6391101|0.00|0.00|717.92|0.00|717.92|0.00|48,063.28|0.00|0.00|0.00|0.00|0.00|0.00|0.00|0.00|0.00|1|
20231231|6393109|0.00|0.00|61,003.90|0.00|61,003.90|0.00|1,727,537.49|0.00|0.00|0.00|0.00|0.00|-61,003.90|0.00|0.00|0.00|1|
20231130|6275102|0.00|0.00|5,808.21|869.85|5,808.21|869.85|107,117.58|0.00|0.00|0.00|0.00|0.00|-4,938.36|0.00|0.00|0.00|1|
20231130|6591102|0.00|0.00|43,333.33|0.00|43,333.33|0.00|476,666.63|0.00|0.00|0.00|0.00|0.00|-43,333.33|0.00|0.00|0.00|1|
20231031|6329102|0.00|0.00|4,129.81|0.00|4,129.81|0.00|22,074.52|0.00|0.00|0.00|0.00|0.00|-4,129.81|0.00|0.00|0.00|1|
20231031|7599101|0.00|0.00|129.00|426,250.07|129.00|426,250.07|0.00|-2,761,559.76|0.00|0.00|0.00|0.00|0.00|426,121.07|0.00|0.00|1|
20231130|6356103|0.00|0.00|16,082.61|0.00|16,082.61|0.00|221,387.67|0.00|0.00|0.00|0.00|0.00|-16,082.61|0.00|0.00|0.00|1|
20231231|6365101|0.00|0.00|447.50|0.00|447.50|0.00|42,802.88|0.00|0.00|0.00|0.00|0.00|0.00|0.00|0.00|0.00|1|
20231231|6391103|0.00|0.00|60.34|0.00|60.34|0.00|3,504.12|0.00|0.00|0.00|0.00|0.00|0.00|0.00|0.00|0.00|1|
20231130|6861201|0.00|0.00|374.08|0.00|374.08|0.00|1,901.06|0.00|0.00|0.00|0.00|0.00|0.00|0.00|0.00|0.00|1|
20231130|6364106|0.00|0.00|8,748.54|6,343.54|8,748.54|6,343.54|673,167.44|0.00|0.00|0.00|0.00|0.00|-2,405.00|0.00|0.00|0.00|1|
20231031|6593107|0.00|0.00|16,529.66|0.00|16,529.66|0.00|16,529.66|0.00|0.00|0.00|0.00|0.00|-16,529.66|0.00|0.00|0.00|1|
20231031|7032111|0.00|0.00|153,542.98|39,412,261.59|153,542.98|39,412,261.59|0.00|-1,539,780,937.20|0.00|0.00|0.00|0.00|0.00|39,258,718.61|0.00|0.00|1|
20231130|4699102|0.00|0.00|2,250.00|0.00|2,250.00|0.00|0.00|-133,771.26|0.00|0.00|0.00|-2,250.00|0.00|0.00|0.00|0.00|1|
20231031|6211103|0.00|0.00|228,462.50|0.00|228,462.50|0.00|2,729,541.70|0.00|0.00|0.00|0.00|0.00|-228,462.50|0.00|0.00|0.00|1|
20231130|6211103|0.00|0.00|22,450.00|0.00|22,450.00|0.00|1,910,679.19|0.00|0.00|0.00|0.00|0.00|-22,450.00|0.00|0.00|0.00|1|
20231031|6251102|0.00|0.00|388.00|0.00|388.00|0.00|2,878.00|0.00|0.00|0.00|0.00|0.00|0.00|0.00|0.00|0.00|1|
20231130|6251104|0.00|0.00|2,523.00|0.00|2,523.00|0.00|30,630.00|0.00|0.00|0.00|0.00|0.00|-2,523.00|0.00|0.00|0.00|1|
20231231|6356104|0.00|0.00|1,478.65|0.00|1,478.65|0.00|148,062.00|0.00|0.00|0.00|0.00|0.00|-1,478.65|0.00|0.00|0.00|1|
20231031|6841401|0.00|0.00|40,489.77|0.00|40,489.77|0.00|390,684.14|0.00|0.00|0.00|0.00|0.00|-40,489.77|0.00|0.00|0.00|1|
20231031|6322103|0.00|0.00|8,713.18|0.00|8,713.18|0.00|8,713.18|0.00|0.00|0.00|0.00|0.00|-8,713.18|0.00|0.00|0.00|1|
20231231|6343101|0.00|0.00|11,714.16|0.00|11,714.16|0.00|2,520,780.66|0.00|0.00|0.00|0.00|0.00|-11,714.16|0.00|0.00|0.00|1|
20231130|1891102|0.00|0.00|3,649.86|15,259.51|3,649.86|15,259.51|1,057,291.95|0.00|0.00|0.00|-11,609.65|0.00|0.00|0.00|0.00|0.00|1|
20231231|1891102|0.00|0.00|6,287.11|0.00|6,287.11|0.00|162,660.30|0.00|0.00|0.00|6,287.11|0.00|0.00|0.00|0.00|0.00|1|
20231130|6393110|0.00|0.00|3,299.17|0.00|3,299.17|0.00|451,827.00|0.00|0.00|0.00|0.00|0.00|-3,299.17|0.00|0.00|0.00|1|
20231130|4115101|0.00|0.00|41,951.72|75,683.15|41,951.72|75,683.15|0.00|-5,909,764.56|0.00|0.00|0.00|33,731.43|0.00|0.00|0.00|0.00|1|
20231130|4171104|0.00|0.00|16,280.25|16,280.25|16,280.25|16,280.25|0.00|-6,530.01|0.00|0.00|0.00|0.00|0.00|0.00|0.00|0.00|1|
20231231|6541101|0.00|0.00|29,965.76|0.00|29,965.76|0.00|7,007,462.55|0.00|0.00|0.00|0.00|0.00|-29,965.76|0.00|0.00|0.00|1|
20231231|6561106|0.00|0.00|494.18|0.00|494.18|0.00|140,558.65|0.00|0.00|0.00|0.00|0.00|0.00|0.00|0.00|0.00|1|
20231031|1211101|0.00|0.00|824,601.26|0.00|824,601.26|0.00|73,250,915.10|0.00|0.00|0.00|824,601.26|0.00|0.00|0.00|0.00|0.00|1|
20231130|4241201|0.00|0.00|0.00|1,375.96|0.00|1,375.96|0.00|0.00|0.00|0.00|0.00|1,375.96|0.00|0.00|0.00|0.00|1|
20231031|1413101|0.00|0.00|4,550.00|0.00|4,550.00|0.00|31,838.40|0.00|0.00|0.00|4,550.00|0.00|0.00|0.00|0.00|0.00|1|
20231031|1629101|0.00|0.00|133,735.59|0.00|133,735.59|0.00|133,947.50|0.00|0.00|0.00|133,735.59|0.00|0.00|0.00|0.00|0.00|1|
20231031|4221201|0.00|0.00|40,525.82|0.00|40,525.82|0.00|482,875.40|0.00|0.00|0.00|0.00|-40,525.82|0.00|0.00|0.00|0.00|1|
20231031|6214101|0.00|0.00|1,578,764.85|0.00|1,578,764.85|0.00|72,556,647.39|0.00|0.00|0.00|0.00|0.00|-1,578,764.85|0.00|0.00|0.00|1|
20231031|6311101|0.00|0.00|6,870.78|0.00|6,870.78|0.00|108,241.08|0.00|0.00|0.00|0.00|0.00|-6,870.78|0.00|0.00|0.00|1|
20231130|6313101|0.00|0.00|8,738.13|0.00|8,738.13|0.00|4,070,370.52|0.00|0.00|0.00|0.00|0.00|-8,738.13|0.00|0.00|0.00|1|
20231130|7032121|0.00|0.00|1,526,463.87|1,375,164.08|1,526,463.87|1,375,164.08|0.00|-207,267,366.16|0.00|0.00|0.00|0.00|0.00|-151,299.79|0.00|0.00|1|
20231031|1221101|0.00|0.00|0.00|114,500.00|0.00|114,500.00|0.00|-2,977,000.00|0.00|0.00|-114,500.00|0.00|0.00|0.00|0.00|0.00|1|
20231130|6561102|0.00|0.00|11,419.73|8,375.32|11,419.73|8,375.32|6,953,269.62|0.00|0.00|0.00|0.00|0.00|-3,044.41|0.00|0.00|0.00|1|
20231031|1041101|0.00|0.00|827,332.83|0.00|827,332.83|0.00|0.00|-265,289.94|0.00|0.00|827,332.83|0.00|0.00|0.00|0.00|0.00|1|
20231031|1061102|0.00|0.00|43,904.67|0.00|43,904.67|0.00|984.73|0.00|0.00|0.00|43,904.67|0.00|0.00|0.00|0.00|0.00|1|
20231130|4699108|0.00|0.00|7,010.30|15,866.31|7,010.30|15,866.31|0.00|-80,072.30|0.00|0.00|0.00|8,856.01|0.00|0.00|0.00|0.00|1|
20231231|6393117|0.00|0.00|289,410.68|147.37|289,410.68|147.37|3,779,009.04|0.00|0.00|0.00|0.00|0.00|-289,263.31|0.00|0.00|0.00|1|
20231130|4221103|0.00|0.00|153,373.49|153,373.49|153,373.49|153,373.49|0.00|-3,877,331.90|0.00|0.00|0.00|0.00|0.00|0.00|0.00|0.00|1|
20231130|4011401|0.00|0.00|1,904.00|797.62|1,904.00|797.62|0.00|-16,338.92|0.00|0.00|0.00|-1,106.38|0.00|0.00|0.00|0.00|1|
20231031|3491101|0.00|0.00|1,142,513.39|0.00|1,142,513.39|0.00|1,142,513.39|0.00|0.00|0.00|1,142,513.39|0.00|0.00|0.00|0.00|0.00|1|
20231130|4031101|0.00|0.00|67,908.00|68,593.22|67,908.00|68,593.22|0.00|-384,686.45|0.00|0.00|0.00|685.22|0.00|0.00|0.00|0.00|1|
20231130|4011102|0.00|0.00|60,342.81|603,117.11|60,342.81|603,117.11|0.00|-613,151,594.08|0.00|0.00|0.00|542,774.30|0.00|0.00|0.00|0.00|1|
20231130|4211103|0.00|0.00|483,453.50|477,320.40|483,453.50|477,320.40|0.00|-27,819,678.88|0.00|0.00|0.00|-6,133.10|0.00|0.00|0.00|0.00|1|
20231130|1821105|0.00|0.00|0.00|5,808.21|0.00|5,808.21|34,849.23|0.00|0.00|0.00|-5,808.21|0.00|0.00|0.00|0.00|0.00|1|
20231031|7599108|0.00|0.00|120.00|43,541.81|120.00|43,541.81|0.00|-348,793.20|0.00|0.00|0.00|0.00|0.00|43,421.81|0.00|0.00|1|
20231031|7599104|0.00|0.00|6,506.00|4,574.99|6,506.00|4,574.99|39,213.84|0.00|0.00|0.00|0.00|0.00|0.00|-1,931.01|0.00|0.00|1|
20231130||0.00|0.00|288,664.54|33,815.73|288,664.54|33,815.73|75,673.65|-1,783,881.46|0.00|0.00|0.00|0.00|0.00|0.00|0.00|0.00|1|
20230731||0.00|0.00|0.06|0.02|0.06|0.02|0.96|0.00|0.00|0.00|0.00|0.00|0.00|0.00|0.00|0.00|1|
20231130|3961901|0.00|0.00|0.00|9,520.94|0.00|9,520.94|0.00|-804,773.90|0.00|0.00|9,520.94|0.00|0.00|0.00|0.00|0.00|1|
20231031|3412101|0.00|0.00|172,176.39|0.00|172,176.39|0.00|172,979.83|0.00|0.00|0.00|172,176.39|0.00|0.00|0.00|0.00|0.00|1|
20231031|3422101|0.00|0.00|44,018.34|0.00|44,018.34|0.00|44,018.34|0.00|0.00|0.00|44,018.34|0.00|0.00|0.00|0.00|0.00|1|
20231130|4032101|0.00|0.00|1,852.45|1,992.54|1,852.45|1,992.54|0.00|-5,977.62|0.00|0.00|0.00|140.09|0.00|0.00|0.00|0.00|1|
20231031|4111101|0.00|0.00|0.00|39,656.73|0.00|39,656.73|0.00|0.00|0.00|0.00|0.00|39,656.73|0.00|0.00|0.00|0.00|1|
20231031|3952601|0.00|0.00|0.00|126,070.97|0.00|126,070.97|0.00|-161,637.52|0.00|0.00|126,070.97|0.00|0.00|0.00|0.00|0.00|1|
20231130|4114101|0.00|0.00|8,103.45|145,966.96|8,103.45|145,966.96|0.00|-1,629,542.70|0.00|0.00|0.00|137,863.51|0.00|0.00|0.00|0.00|1|
20231031|6314101|0.00|0.00|75,134.61|0.00|75,134.61|0.00|2,147,323.47|0.00|0.00|0.00|0.00|0.00|-75,134.61|0.00|0.00|0.00|1|
20231231|6371105|0.00|0.00|300.00|0.00|300.00|0.00|69,979.97|0.00|0.00|0.00|0.00|0.00|0.00|0.00|0.00|0.00|1|
20231031|6593101|0.00|0.00|1,311.60|1,094.07|1,311.60|1,094.07|975.87|0.00|0.00|0.00|0.00|0.00|0.00|0.00|0.00|0.00|1|
20231231|6761101|0.00|0.00|493.00|0.69|493.00|0.69|65,676,313.08|0.00|0.00|0.00|0.00|0.00|0.00|0.00|0.00|0.00|1|
20231130|6861101|0.00|0.00|935.94|0.00|935.94|0.00|69,869.40|0.00|0.00|0.00|0.00|0.00|0.00|0.00|0.00|0.00|1|
20231231|6861101|0.00|0.00|609.90|0.00|609.90|0.00|13,973.88|0.00|0.00|0.00|0.00|0.00|0.00|0.00|0.00|0.00|1|
20231231|6561105|0.00|0.00|7,566.29|0.00|7,566.29|0.00|494,457.90|0.00|0.00|0.00|0.00|0.00|-7,566.29|0.00|0.00|0.00|1|
20231231|6861901|0.00|0.00|2,664.80|0.00|2,664.80|0.00|179,186.52|0.00|0.00|0.00|0.00|0.00|-2,664.80|0.00|0.00|0.00|1|
20231031|1041201|0.00|0.00|416,119.79|0.00|416,119.79|0.00|0.00|-1,103,920.07|0.00|0.00|416,119.79|0.00|0.00|0.00|0.00|0.00|1|
20231130|1062202|0.00|0.00|23,299.15|135,180.68|23,299.15|135,180.68|10,509,563.98|0.00|0.00|0.00|-111,881.53|0.00|0.00|0.00|0.00|0.00|1|
20231231|7599107|0.00|0.00|0.00|42,934.35|0.00|42,934.35|0.00|-1,288,922.14|0.00|0.00|0.00|0.00|0.00|42,934.35|0.00|0.00|1|
20231231|1221201|0.00|0.00|0.00|154.51|0.00|154.51|0.00|-5,763.80|0.00|0.00|0.00|0.00|0.00|0.00|0.00|0.00|1|
20231130|6343108|0.00|0.00|2,745.53|0.00|2,745.53|0.00|125,201.10|0.00|0.00|0.00|0.00|0.00|-2,745.53|0.00|0.00|0.00|1|
20231031|6371106|0.00|0.00|130,367.60|0.00|130,367.60|0.00|965,809.32|0.00|0.00|0.00|0.00|0.00|-130,367.60|0.00|0.00|0.00|1|
20231130|6221101|0.00|0.00|2,592.00|0.00|2,592.00|0.00|23,424.00|0.00|0.00|0.00|0.00|0.00|-2,592.00|0.00|0.00|0.00|1|
20231031|6393115|0.00|0.00|1,043,282.94|61,806.16|1,043,282.94|61,806.16|37,015,022.00|0.00|0.00|0.00|0.00|0.00|-981,476.78|0.00|0.00|0.00|1|
20231031|6221107|0.00|0.00|2,333.33|0.00|2,333.33|0.00|2,333.33|0.00|0.00|0.00|0.00|0.00|-2,333.33|0.00|0.00|0.00|1|
20231031|6231101|0.00|0.00|135,601.51|0.00|135,601.51|0.00|373,358.52|0.00|0.00|0.00|0.00|0.00|-135,601.51|0.00|0.00|0.00|1|
20231031|6275102|0.00|0.00|48,620.43|0.00|48,620.43|0.00|53,558.79|0.00|0.00|0.00|0.00|0.00|-48,620.43|0.00|0.00|0.00|1|
20231031|6593102|0.00|0.00|7,818.62|0.00|7,818.62|0.00|53,835.42|0.00|0.00|0.00|0.00|0.00|-7,818.62|0.00|0.00|0.00|1|
20231031|7599105|0.00|0.00|0.00|214,100.00|0.00|214,100.00|0.00|-256,920.00|0.00|0.00|0.00|0.00|0.00|214,100.00|0.00|0.00|1|
20231130|6365101|0.00|0.00|7,577.39|850.01|7,577.39|850.01|1,284,086.40|0.00|0.00|0.00|0.00|0.00|-6,727.38|0.00|0.00|0.00|1|
20231031|6365101|0.00|0.00|13,802.86|0.00|13,802.86|0.00|278,218.72|0.00|0.00|0.00|0.00|0.00|-13,802.86|0.00|0.00|0.00|1|
20231031|6391103|0.00|0.00|217.73|0.00|217.73|0.00|1,752.06|0.00|0.00|0.00|0.00|0.00|0.00|0.00|0.00|0.00|1|
20231130|6321103|0.00|0.00|35,116.50|0.00|35,116.50|0.00|231,977.00|0.00|0.00|0.00|0.00|0.00|-35,116.50|0.00|0.00|0.00|1|
20231031|6593104|0.00|0.00|40,824.11|0.00|40,824.11|0.00|755,228.48|0.00|0.00|0.00|0.00|0.00|-40,824.11|0.00|0.00|0.00|1|
20231130|6412101|0.00|0.00|388.24|0.10|388.24|0.10|857,537.10|0.00|0.00|0.00|0.00|0.00|0.00|0.00|0.00|0.00|1|
20231031|6231102|0.00|0.00|0.00|1,500.00|0.00|1,500.00|0.00|-1,500.00|0.00|0.00|0.00|0.00|1,500.00|0.00|0.00|0.00|1|
20231231|6251102|0.00|0.00|213.00|0.00|213.00|0.00|5,756.00|0.00|0.00|0.00|0.00|0.00|0.00|0.00|0.00|0.00|1|
20231130|6311201|0.00|0.00|22,209.29|5,834.75|22,209.29|5,834.75|41,592,437.76|0.00|0.00|0.00|0.00|0.00|-16,374.54|0.00|0.00|0.00|1|
20231130|6364101|0.00|0.00|7,803.20|6,487.98|7,803.20|6,487.98|5,612,299.83|0.00|0.00|0.00|0.00|0.00|-1,315.22|0.00|0.00|0.00|1|
20231231|6364101|0.00|0.00|1,294.52|0.00|1,294.52|0.00|1,776,044.25|0.00|0.00|0.00|0.00|0.00|-1,294.52|0.00|0.00|0.00|1|
20231031|6364101|0.00|0.00|67,433.86|0.00|67,433.86|0.00|2,770,629.03|0.00|0.00|0.00|0.00|0.00|-67,433.86|0.00|0.00|0.00|1|
20231231|6327104|0.00|0.00|6,000.00|0.00|6,000.00|0.00|76,000.00|0.00|0.00|0.00|0.00|0.00|-6,000.00|0.00|0.00|0.00|1|
20231031|6343107|0.00|0.00|70.00|0.00|70.00|0.00|70.00|0.00|0.00|0.00|0.00|0.00|0.00|0.00|0.00|0.00|1|
20231231|6361101|0.00|0.00|13,850.82|0.00|13,850.82|0.00|734,176.20|0.00|0.00|0.00|0.00|0.00|-13,850.82|0.00|0.00|0.00|1|
20231130|3961201|0.00|0.00|0.00|374.08|0.00|374.08|0.00|-60,217.71|0.00|0.00|374.08|0.00|0.00|0.00|0.00|0.00|1|
20231130|6391102|0.00|0.00|2,506.18|1,221.18|2,506.18|1,221.18|8,165,631.60|0.00|0.00|0.00|0.00|0.00|-1,285.00|0.00|0.00|0.00|1|
20231031|6393106|0.00|0.00|1,146,383.39|0.00|1,146,383.39|0.00|1,393,014.83|0.00|0.00|0.00|0.00|0.00|-1,146,383.39|0.00|0.00|0.00|1|
20231231|6393110|0.00|0.00|5,495.30|0.00|5,495.30|0.00|225,913.50|0.00|0.00|0.00|0.00|0.00|-5,495.30|0.00|0.00|0.00|1|
20231031|6393114|0.00|0.00|3,084,074.28|0.00|3,084,074.28|0.00|30,901,431.00|0.00|0.00|0.00|0.00|0.00|-3,084,074.28|0.00|0.00|0.00|1|
20231031|6541101|0.00|0.00|610,530.50|0.01|610,530.50|0.01|49,830,844.80|0.00|0.00|0.00|0.00|0.00|-610,530.49|0.00|0.00|0.00|1|
20231031|6551401|0.00|0.00|2,501.14|0.00|2,501.14|0.00|10,004.56|0.00|0.00|0.00|0.00|0.00|-2,501.14|0.00|0.00|0.00|1|
20231231|6591101|0.00|0.00|8,435.21|0.00|8,435.21|0.00|11,264,652.62|0.00|0.00|0.00|0.00|0.00|-8,435.21|0.00|0.00|0.00|1|
20231130|1413101|0.00|0.00|17,228.18|9,603.74|17,228.18|9,603.74|246,747.60|0.00|0.00|0.00|7,624.44|0.00|0.00|0.00|0.00|0.00|1|
20231031|5912101|0.00|0.00|0.00|2,643,579.28|0.00|2,643,579.28|0.00|-6,634,906.95|0.00|0.00|0.00|2,643,579.28|0.00|0.00|0.00|0.00|1|
20231130|1821101|0.00|0.00|0.00|2,368.89|0.00|2,368.89|167,172.45|0.00|0.00|0.00|-2,368.89|0.00|0.00|0.00|0.00|0.00|1|
20231231|1891202|0.00|0.00|15,825.07|0.00|15,825.07|0.00|478,882.16|0.00|0.00|0.00|15,825.07|0.00|0.00|0.00|0.00|0.00|1|
20231031|4511111|0.00|0.00|0.00|6,099,598.86|0.00|6,099,598.86|0.00|-6,099,598.86|0.00|0.00|0.00|6,099,598.86|0.00|0.00|0.00|0.00|1|
20231130|1041202|0.00|0.00|466,694.70|343,064.25|466,694.70|343,064.25|66,761,666.73|0.00|0.00|0.00|123,630.45|0.00|0.00|0.00|0.00|0.00|1|
20231130|1061202|0.00|0.00|1,215,780.05|1,009,141.62|1,215,780.05|1,009,141.62|26,397,369.60|0.00|0.00|0.00|206,638.43|0.00|0.00|0.00|0.00|0.00|1|
20231130|1061102|0.00|0.00|733,167.23|391,087.17|733,167.23|391,087.17|13,786.22|0.00|0.00|0.00|342,080.06|0.00|0.00|0.00|0.00|0.00|1|
20231031|3023102|0.00|0.00|3,441.64|0.00|3,441.64|0.00|3,441.64|0.00|0.00|0.00|3,441.64|0.00|0.00|0.00|0.00|0.00|1|
20231031|4699108|0.00|0.00|0.00|6,857.55|0.00|6,857.55|0.00|-32,028.92|0.00|0.00|0.00|6,857.55|0.00|0.00|0.00|0.00|1|
20231130|4017301|0.00|0.00|134,754.05|140,434.28|134,754.05|140,434.28|0.00|-786,571.90|0.00|0.00|0.00|5,680.23|0.00|0.00|0.00|0.00|1|
20231130|4151101|0.00|0.00|584,067.71|102,507.02|584,067.71|102,507.02|0.00|-3,191,031.19|0.00|0.00|0.00|-481,560.69|0.00|0.00|0.00|0.00|1|
20231031|3431101|0.00|0.00|2,537,379.19|0.00|2,537,379.19|0.00|2,714,139.48|0.00|0.00|0.00|2,537,379.19|0.00|0.00|0.00|0.00|0.00|1|
20231231|3431101|0.00|0.00|45,043.17|0.00|45,043.17|0.00|8,142,418.44|0.00|0.00|0.00|45,043.17|0.00|0.00|0.00|0.00|0.00|1|
20231130|1419101|0.00|0.00|2,784.96|2,699.60|2,784.96|2,699.60|1,621.84|0.00|0.00|0.00|85.36|0.00|0.00|0.00|0.00|0.00|1|
20231031|3361101|0.00|0.00|797,779.04|0.00|797,779.04|0.00|912,629.92|0.00|0.00|0.00|797,779.04|0.00|0.00|0.00|0.00|0.00|1|
20231031|3952701|0.00|0.00|0.00|684,839.79|0.00|684,839.79|0.00|-753,737.11|0.00|0.00|684,839.79|0.00|0.00|0.00|0.00|0.00|1|
20231130|4961101|0.00|0.00|1,239,602.20|91,818.87|1,239,602.20|91,818.87|0.00|-373,505,233.08|0.00|0.00|0.00|-1,147,783.33|0.00|0.00|0.00|0.00|1|
20231130|4212101|0.00|0.00|1,444,490.93|1,550,009.78|1,444,490.93|1,550,009.78|0.00|-843,259,129.72|0.00|0.00|0.00|105,518.85|0.00|0.00|0.00|0.00|1|
20231130|4699101|0.00|0.00|1,095.67|1,095.67|1,095.67|1,095.67|2,935.28|0.00|0.00|0.00|0.00|0.00|0.00|0.00|0.00|0.00|1|
20231231|4699101|0.00|0.00|1,467.64|0.00|1,467.64|0.00|1,467.64|0.00|0.00|0.00|0.00|-1,467.64|0.00|0.00|0.00|0.00|1|
20231031|6221106|0.00|0.00|19,505.49|0.00|19,505.49|0.00|63,360.00|0.00|0.00|0.00|0.00|0.00|-19,505.49|0.00|0.00|0.00|1|
20231231|6312101|0.00|0.00|1,803.97|0.00|1,803.97|0.00|678,822.40|0.00|0.00|0.00|0.00|0.00|-1,803.97|0.00|0.00|0.00|1|
20231031|6322101|0.00|0.00|111,113.35|0.00|111,113.35|0.00|111,113.35|0.00|0.00|0.00|0.00|0.00|-111,113.35|0.00|0.00|0.00|1|
20231031|6329105|0.00|0.00|7,648.00|0.00|7,648.00|0.00|11,385.00|0.00|0.00|0.00|0.00|0.00|-7,648.00|0.00|0.00|0.00|1|
20231031|6371105|0.00|0.00|62,254.77|9,434.00|62,254.77|9,434.00|699,799.70|0.00|0.00|0.00|0.00|0.00|-52,820.77|0.00|0.00|0.00|1|
20231231|6593101|0.00|0.00|42.97|0.00|42.97|0.00|34,806.03|0.00|0.00|0.00|0.00|0.00|0.00|0.00|0.00|0.00|1|
20231130|6731101|0.00|0.00|25,138.96|0.00|25,138.96|0.00|292,793.08|0.00|0.00|0.00|0.00|0.00|-25,138.96|0.00|0.00|0.00|1|
20231231|6561101|0.00|0.00|7,706.76|0.00|7,706.76|0.00|715,866.58|0.00|0.00|0.00|0.00|0.00|-7,706.76|0.00|0.00|0.00|1|
20231031|6861301|0.00|0.00|108,554.03|0.00|108,554.03|0.00|1,338,290.90|0.00|0.00|0.00|0.00|0.00|-108,554.03|0.00|0.00|0.00|1|
20231031|1061101|0.00|0.00|963,864.42|0.00|963,864.42|0.00|610.37|0.00|0.00|0.00|963,864.42|0.00|0.00|0.00|0.00|0.00|1|
20231130|1041201|0.00|0.00|1,222,215.17|1,284,940.25|1,222,215.17|1,284,940.25|0.00|-346,630,901.98|0.00|0.00|-62,725.08|0.00|0.00|0.00|0.00|0.00|1|
20231031|1062202|0.00|0.00|5,231,482.84|0.00|5,231,482.84|0.00|5,254,781.99|0.00|0.00|0.00|5,231,482.84|0.00|0.00|0.00|0.00|0.00|1|
20231130|6221103|0.00|0.00|4,760.00|0.00|4,760.00|0.00|350,455.91|0.00|0.00|0.00|0.00|0.00|-4,760.00|0.00|0.00|0.00|1|
20231130|1062103|0.00|0.00|3,300,000.00|3,300,000.00|3,300,000.00|3,300,000.00|5,600,000.00|0.00|0.00|0.00|0.00|0.00|0.00|0.00|0.00|0.00|1|
20231031|6273102|0.00|0.00|5,912.37|0.00|5,912.37|0.00|113,522.58|0.00|0.00|0.00|0.00|0.00|-5,912.37|0.00|0.00|0.00|1|
20231031|6343102|0.00|0.00|649.86|0.00|649.86|0.00|1,984.86|0.00|0.00|0.00|0.00|0.00|0.00|0.00|0.00|0.00|1|
20231031|4699107|0.00|0.00|0.00|1,631.00|0.00|1,631.00|0.00|-1,224.50|0.00|0.00|0.00|1,631.00|0.00|0.00|0.00|0.00|1|
20231130|6593116|0.00|0.00|15,683.67|0.00|15,683.67|0.00|48,965.34|0.00|0.00|0.00|0.00|0.00|-15,683.67|0.00|0.00|0.00|1|
20231231|6593116|0.00|0.00|8,799.00|0.00|8,799.00|0.00|48,965.34|0.00|0.00|0.00|0.00|0.00|-8,799.00|0.00|0.00|0.00|1|
20231031|6393109|0.00|0.00|431,032.21|0.00|431,032.21|0.00|3,455,074.98|0.00|0.00|0.00|0.00|0.00|-431,032.21|0.00|0.00|0.00|1|
20231031|6271101|0.00|0.00|743,607.97|0.00|743,607.97|0.00|33,665,559.26|0.00|0.00|0.00|0.00|0.00|-743,607.97|0.00|0.00|0.00|1|
20231031|1699102|0.00|0.00|2,730.07|0.00|2,730.07|0.00|8,003.26|0.00|0.00|0.00|2,730.07|0.00|0.00|0.00|0.00|0.00|1|
20231130|7599101|0.00|0.00|0.00|34,138.89|0.00|34,138.89|0.00|-11,046,239.04|0.00|0.00|0.00|0.00|0.00|34,138.89|0.00|0.00|1|
20231130|7721101|0.00|0.00|0.00|54,322.91|0.00|54,322.91|0.00|-16,925,664.60|0.00|0.00|0.00|0.00|0.00|54,322.91|0.00|0.00|1|
20231031|7761101|0.00|0.00|1,213,353.73|1,806,019.26|1,213,353.73|1,806,019.26|0.00|-11,743,094.97|0.00|0.00|0.00|0.00|0.00|592,665.53|0.00|0.00|1|
20231031|6355101|0.00|0.00|580.00|0.00|580.00|0.00|1,160.00|0.00|0.00|0.00|0.00|0.00|0.00|0.00|0.00|0.00|1|
20231031|6356103|0.00|0.00|189,653.61|0.00|189,653.61|0.00|442,775.34|0.00|0.00|0.00|0.00|0.00|-189,653.61|0.00|0.00|0.00|1|
20231031|6368101|0.00|0.00|3,568,465.53|0.00|3,568,465.53|0.00|25,563,106.68|0.00|0.00|0.00|0.00|0.00|-3,568,465.53|0.00|0.00|0.00|1|
20231130|6391103|0.00|0.00|50.47|47.03|50.47|47.03|5,548.19|0.00|0.00|0.00|0.00|0.00|0.00|0.00|0.00|0.00|1|
20231130|6531102|0.00|0.00|3,868.51|0.00|3,868.51|0.00|180,045.76|0.00|0.00|0.00|0.00|0.00|-3,868.51|0.00|0.00|0.00|1|
20231130|6561103|0.00|0.00|8,670.80|0.00|8,670.80|0.00|41,498.26|0.00|0.00|0.00|0.00|0.00|-8,670.80|0.00|0.00|0.00|1|
20231231|6593104|0.00|0.00|4,786.38|0.00|4,786.38|0.00|330,412.46|0.00|0.00|0.00|0.00|0.00|-4,786.38|0.00|0.00|0.00|1|
20231031|6412101|0.00|0.00|4,268.32|0.00|4,268.32|0.00|32,564.70|0.00|0.00|0.00|0.00|0.00|-4,268.32|0.00|0.00|0.00|1|
20231031|5221102|0.00|0.00|0.00|277,054.14|0.00|277,054.14|0.00|-277,054.14|0.00|0.00|0.00|277,054.14|0.00|0.00|0.00|0.00|1|
20231231|6311201|0.00|0.00|25,233.06|1,145.57|25,233.06|1,145.57|64,988,184.00|0.00|0.00|0.00|0.00|0.00|-24,087.49|0.00|0.00|0.00|1|
20231031|6344109|0.00|0.00|194,401.20|0.00|194,401.20|0.00|467,280.68|0.00|0.00|0.00|0.00|0.00|-194,401.20|0.00|0.00|0.00|1|
20231130|6841401|0.00|0.00|4,021.96|0.00|4,021.96|0.00|167,436.06|0.00|0.00|0.00|0.00|0.00|-4,021.96|0.00|0.00|0.00|1|
20231130|6327104|0.00|0.00|6,000.00|0.00|6,000.00|0.00|76,000.00|0.00|0.00|0.00|0.00|0.00|-6,000.00|0.00|0.00|0.00|1|
20231031|1911101|0.00|0.00|0.00|128,890.12|0.00|128,890.12|0.00|-128,890.12|0.00|0.00|128,890.12|0.00|0.00|0.00|0.00|0.00|1|
20231031|6344105|0.00|0.00|15,108.14|0.00|15,108.14|0.00|16,617.18|0.00|0.00|0.00|0.00|0.00|-15,108.14|0.00|0.00|0.00|1|
20231031|3961201|0.00|0.00|0.00|8,330.95|0.00|8,330.95|0.00|-8,602.53|0.00|0.00|8,330.95|0.00|0.00|0.00|0.00|0.00|1|
20231231|1213101|0.00|0.00|1,413,227.85|1,300,179.57|1,413,227.85|1,300,179.57|646,072,402.68|0.00|0.00|0.00|113,048.28|0.00|0.00|0.00|0.00|0.00|1|
20231130|6431101|0.00|0.00|5,774.31|0.00|5,774.31|0.00|96,057.98|0.00|0.00|0.00|0.00|0.00|-5,774.31|0.00|0.00|0.00|1|
20231031|6593103|0.00|0.00|810,368.40|0.00|810,368.40|0.00|31,083,302.52|0.00|0.00|0.00|0.00|0.00|-810,368.40|0.00|0.00|0.00|1|
20231031|1291201|0.00|0.00|0.00|1,249.80|0.00|1,249.80|0.00|-3,292.26|0.00|0.00|-1,249.80|0.00|0.00|0.00|0.00|0.00|1|
20231130|1291201|0.00|0.00|868.10|1,264.43|868.10|1,264.43|0.00|-6,584.52|0.00|0.00|0.00|0.00|0.00|0.00|0.00|0.00|1|
20231231|1411101|0.00|0.00|93.93|0.00|93.93|0.00|24,437.03|0.00|0.00|0.00|93.93|0.00|0.00|0.00|0.00|0.00|1|
20231031|1624101|0.00|0.00|118.00|0.00|118.00|0.00|642.00|0.00|0.00|0.00|118.00|0.00|0.00|0.00|0.00|0.00|1|
20231031|6841501|0.00|0.00|150,997.04|0.00|150,997.04|0.00|4,668,067.35|0.00|0.00|0.00|0.00|0.00|-150,997.04|0.00|0.00|0.00|1|
20231031|1821101|0.00|0.00|11,167.44|0.00|11,167.44|0.00|158,373.90|0.00|0.00|0.00|11,167.44|0.00|0.00|0.00|0.00|0.00|1|
20231130|1891202|0.00|0.00|6,787.00|59,082.59|6,787.00|59,082.59|33,282,310.12|0.00|0.00|0.00|-52,295.59|0.00|0.00|0.00|0.00|0.00|1|
20231231|1041202|0.00|0.00|409,563.73|103.81|409,563.73|103.81|43,129,218.33|0.00|0.00|0.00|409,459.92|0.00|0.00|0.00|0.00|0.00|1|
20231031|1061202|0.00|0.00|1,007,693.18|0.00|1,007,693.18|0.00|1,257,017.60|0.00|0.00|0.00|1,007,693.18|0.00|0.00|0.00|0.00|0.00|1|
20231031|1062104|0.00|0.00|1,861,059.63|0.00|1,861,059.63|0.00|1,874,687.72|0.00|0.00|0.00|1,861,059.63|0.00|0.00|0.00|0.00|0.00|1|
20231130|1062201|0.00|0.00|2,443,350.00|2,443,350.00|2,443,350.00|2,443,350.00|0.00|0.00|0.00|0.00|0.00|0.00|0.00|0.00|0.00|0.00|1|
20231031|4699104|0.00|0.00|0.00|61.47|0.00|61.47|0.00|0.00|0.00|0.00|0.00|61.47|0.00|0.00|0.00|0.00|1|
20231231|4699106|0.00|0.00|0.00|1,225.46|0.00|1,225.46|0.00|-64,268.59|0.00|0.00|0.00|1,225.46|0.00|0.00|0.00|0.00|1|
20231130|6393117|0.00|0.00|620,657.02|280,085.49|620,657.02|280,085.49|13,226,531.64|0.00|0.00|0.00|0.00|0.00|-340,571.53|0.00|0.00|0.00|1|
20231231|4011401|0.00|0.00|798.00|1,257.68|798.00|1,257.68|0.00|-25,136.80|0.00|0.00|0.00|459.68|0.00|0.00|0.00|0.00|1|
20231231|3961301|0.00|0.00|0.00|933.10|0.00|933.10|0.00|-1,210,012.40|0.00|0.00|933.10|0.00|0.00|0.00|0.00|0.00|1|
20231130|4017401|0.00|0.00|10,173.00|8,661.29|10,173.00|8,661.29|0.00|0.00|0.00|0.00|0.00|-1,511.71|0.00|0.00|0.00|0.00|1|
20231130|3200|0.00|0.00|0.18|0.00|0.18|0.00|0.00|0.00|0.00|0.00|0.18|0.00|0.00|0.00|0.00|0.00|1|
20231031|7599102|0.00|0.00|0.00|205.03|0.00|205.03|0.00|-1,831.44|0.00|0.00|0.00|0.00|0.00|205.03|0.00|0.00|1|
20231130|6531101|0.00|0.00|57,159.20|0.00|57,159.20|0.00|3,495,940.14|0.00|0.00|0.00|0.00|0.00|-57,159.20|0.00|0.00|0.00|1|
20231031|1221202|0.00|0.00|0.00|215,046.06|0.00|215,046.06|0.00|0.00|0.00|0.00|-215,046.06|0.00|0.00|0.00|0.00|0.00|1|
20231130|4221101|0.00|0.00|24,281.76|27,227.61|24,281.76|27,227.61|1,341,649.57|0.00|0.00|0.00|0.00|2,945.85|0.00|0.00|0.00|0.00|1|
20231031|4221101|0.00|0.00|33,556.21|0.00|33,556.21|0.00|1,399,982.16|0.00|0.00|0.00|0.00|-33,556.21|0.00|0.00|0.00|0.00|1|
20231031|3952101|0.00|0.00|0.00|760,589.67|0.00|760,589.67|0.00|-1,098,194.49|0.00|0.00|760,589.67|0.00|0.00|0.00|0.00|0.00|1|
20231130|3952701|0.00|0.00|0.00|5,524.25|0.00|5,524.25|0.00|-17,335,953.53|0.00|0.00|5,524.25|0.00|0.00|0.00|0.00|0.00|1|
20231231|2524101|0.00|0.00|25,490.16|25,490.16|25,490.16|25,490.16|0.00|0.00|0.00|0.00|0.00|0.00|0.00|0.00|0.00|0.00|1|
20231231|4111101|0.00|0.00|61,969.22|0.00|61,969.22|0.00|0.00|0.00|0.00|0.00|0.00|-61,969.22|0.00|0.00|0.00|0.00|1|
20230930|1213201|0.00|0.00|0.13|0.14|0.13|0.14|75,213,924.03|0.00|0.00|0.00|0.00|0.00|0.00|0.00|0.00|0.00|1|
20231130|1211102|0.00|0.00|971,947.08|981,108.83|971,947.08|981,108.83|395,943,123.75|0.00|0.00|0.00|-9,161.75|0.00|0.00|0.00|0.00|0.00|1|
20231130|4171103|0.00|0.00|38,226.20|38,226.20|38,226.20|38,226.20|0.00|-26,934.78|0.00|0.00|0.00|0.00|0.00|0.00|0.00|0.00|1|
20231231|4241101|0.00|0.00|16,300.00|10,156.00|16,300.00|10,156.00|0.00|-32,112.00|0.00|0.00|0.00|-6,144.00|0.00|0.00|0.00|0.00|1|
20231231|1699101|0.00|0.00|75,797.20|75,773.20|75,797.20|75,773.20|22,004.10|0.00|0.00|0.00|24.00|0.00|0.00|0.00|0.00|0.00|1|
20231031|1699101|0.00|0.00|4,463.96|0.00|4,463.96|0.00|26,404.92|0.00|0.00|0.00|4,463.96|0.00|0.00|0.00|0.00|0.00|1|
20231231|1221103|0.00|0.00|191,792.13|126,101.87|191,792.13|126,101.87|49,591,586.58|0.00|0.00|0.00|65,690.26|0.00|0.00|0.00|0.00|0.00|1|
20231031|4011101|0.00|0.00|0.00|229,771.97|0.00|229,771.97|3,444,815.50|0.00|0.00|0.00|0.00|229,771.97|0.00|0.00|0.00|0.00|1|
20231130|4212201|0.00|0.00|1,204,291.04|1,047,606.63|1,204,291.04|1,047,606.63|0.00|-267,508,329.16|0.00|0.00|0.00|-156,684.41|0.00|0.00|0.00|0.00|1|
20231031|4212101|0.00|0.00|121.11|1,159,717.51|121.11|1,159,717.51|0.00|-176,203,400.24|0.00|0.00|0.00|1,159,596.40|0.00|0.00|0.00|0.00|1|
20231031|5922101|0.00|0.00|648,296.54|0.00|648,296.54|0.00|8,746,424.71|0.00|0.00|0.00|0.00|-648,296.54|0.00|0.00|0.00|0.00|1|
20231031|6761101|0.00|0.00|459,352.56|866.42|459,352.56|866.42|10,424,811.60|0.00|0.00|0.00|0.00|0.00|-458,486.14|0.00|0.00|0.00|1|
20231031|6561101|0.00|0.00|22,414.68|0.00|22,414.68|0.00|195,236.34|0.00|0.00|0.00|0.00|0.00|-22,414.68|0.00|0.00|0.00|1|
20231130|6561101|0.00|0.00|24.83|0.00|24.83|0.00|65,078.78|0.00|0.00|0.00|0.00|0.00|0.00|0.00|0.00|0.00|1|
20231231|6861301|0.00|0.00|933.10|0.00|933.10|0.00|267,658.18|0.00|0.00|0.00|0.00|0.00|0.00|0.00|0.00|0.00|1|
20231130|6861901|0.00|0.00|9,520.94|0.00|9,520.94|0.00|627,152.82|0.00|0.00|0.00|0.00|0.00|-9,520.94|0.00|0.00|0.00|1|
20231031|1041102|0.00|0.00|268,776.46|0.00|268,776.46|0.00|346,432.40|0.00|0.00|0.00|268,776.46|0.00|0.00|0.00|0.00|0.00|1|
20231231|1062202|0.00|0.00|135,180.68|0.00|135,180.68|0.00|5,254,781.99|0.00|0.00|0.00|135,180.68|0.00|0.00|0.00|0.00|0.00|1|
20231031|6221109|0.00|0.00|3,480.00|0.00|3,480.00|0.00|3,840.00|0.00|0.00|0.00|0.00|0.00|-3,480.00|0.00|0.00|0.00|1|
20231031|1061201|0.00|0.00|2,555,767.15|0.00|2,555,767.15|0.00|2,882,796.88|0.00|0.00|0.00|2,555,767.15|0.00|0.00|0.00|0.00|0.00|1|
20231130|1061201|0.00|0.00|2,770,405.95|2,493,407.22|2,770,405.95|2,493,407.22|23,062,375.04|0.00|0.00|0.00|276,998.73|0.00|0.00|0.00|0.00|0.00|1|
20231130|1221201|0.00|0.00|154.51|0.00|154.51|0.00|0.00|-5,763.80|0.00|0.00|154.51|0.00|0.00|0.00|0.00|0.00|1|
20231130|6329104|0.00|0.00|145,616.23|2,500.00|145,616.23|2,500.00|34,117,755.36|0.00|0.00|0.00|0.00|0.00|-143,116.23|0.00|0.00|0.00|1|
20231130|4699107|0.00|0.00|1,280.00|1,915.50|1,280.00|1,915.50|0.00|-8,571.50|0.00|0.00|0.00|635.50|0.00|0.00|0.00|0.00|1|
20231231|6367101|0.00|0.00|158.44|0.00|158.44|0.00|1,901.28|0.00|0.00|0.00|0.00|0.00|0.00|0.00|0.00|0.00|1|
20231031|6221101|0.00|0.00|20,832.00|0.00|20,832.00|0.00|46,848.00|0.00|0.00|0.00|0.00|0.00|-20,832.00|0.00|0.00|0.00|1|
20231130|6393115|0.00|0.00|185,655.25|0.00|185,655.25|0.00|28,131,416.72|0.00|0.00|0.00|0.00|0.00|-185,655.25|0.00|0.00|0.00|1|
20231231|6251101|0.00|0.00|1,300.00|0.00|1,300.00|0.00|18,942.60|0.00|0.00|0.00|0.00|0.00|-1,300.00|0.00|0.00|0.00|1|
20231031|6591102|0.00|0.00|433,333.30|0.00|433,333.30|0.00|476,666.63|0.00|0.00|0.00|0.00|0.00|-433,333.30|0.00|0.00|0.00|1|
20231031|6371104|0.00|0.00|37,995.35|0.00|37,995.35|0.00|600,562.86|0.00|0.00|0.00|0.00|0.00|-37,995.35|0.00|0.00|0.00|1|
20231130|6371104|0.00|0.00|29,835.15|0.00|29,835.15|0.00|2,502,345.25|0.00|0.00|0.00|0.00|0.00|-29,835.15|0.00|0.00|0.00|1|
20231231|6327103|0.00|0.00|75,825.08|0.00|75,825.08|0.00|3,311,551.44|0.00|0.00|0.00|0.00|0.00|-75,825.08|0.00|0.00|0.00|1|
20231231|6439102|0.00|0.00|278.59|0.00|278.59|0.00|68,751.05|0.00|0.00|0.00|0.00|0.00|0.00|0.00|0.00|0.00|1|
20231130|6352101|0.00|0.00|19,196.36|9,631.35|19,196.36|9,631.35|344,217.90|0.00|0.00|0.00|0.00|0.00|-9,565.01|0.00|0.00|0.00|1|
20231031|6354102|0.00|0.00|106,301.04|0.00|106,301.04|0.00|422,046.87|0.00|0.00|0.00|0.00|0.00|-106,301.04|0.00|0.00|0.00|1|
20231031|6561103|0.00|0.00|12,078.33|0.00|12,078.33|0.00|41,498.26|0.00|0.00|0.00|0.00|0.00|-12,078.33|0.00|0.00|0.00|1|
20231130|6593104|0.00|0.00|994.42|0.00|994.42|0.00|330,412.46|0.00|0.00|0.00|0.00|0.00|0.00|0.00|0.00|0.00|1|
20231031|6364106|0.00|0.00|79,335.93|0.00|79,335.93|0.00|336,583.72|0.00|0.00|0.00|0.00|0.00|-79,335.93|0.00|0.00|0.00|1|
20231130|6251102|0.00|0.00|950.00|443.00|950.00|443.00|17,268.00|0.00|0.00|0.00|0.00|0.00|0.00|0.00|0.00|0.00|1|
20231031|6251104|0.00|0.00|25,230.00|0.00|25,230.00|0.00|61,260.00|0.00|0.00|0.00|0.00|0.00|-25,230.00|0.00|0.00|0.00|1|
20231031|6274101|0.00|0.00|25,775.34|0.00|25,775.34|0.00|1,201,894.40|0.00|0.00|0.00|0.00|0.00|-25,775.34|0.00|0.00|0.00|1|
20231130|6274101|0.00|0.00|2,556.54|0.00|2,556.54|0.00|1,707,955.20|0.00|0.00|0.00|0.00|0.00|-2,556.54|0.00|0.00|0.00|1|
20231031|6315101|0.00|0.00|17,126.89|0.00|17,126.89|0.00|150,722.24|0.00|0.00|0.00|0.00|0.00|-17,126.89|0.00|0.00|0.00|1|
20231031|6323101|0.00|0.00|27,000.00|0.00|27,000.00|0.00|64,200.00|0.00|0.00|0.00|0.00|0.00|-27,000.00|0.00|0.00|0.00|1|
20231130|6344109|0.00|0.00|19,801.62|0.00|19,801.62|0.00|233,640.34|0.00|0.00|0.00|0.00|0.00|-19,801.62|0.00|0.00|0.00|1|
20231231|6344109|0.00|0.00|19,437.52|0.00|19,437.52|0.00|233,640.34|0.00|0.00|0.00|0.00|0.00|-19,437.52|0.00|0.00|0.00|1|
20231130|6356104|0.00|0.00|2,908.40|0.00|2,908.40|0.00|111,046.50|0.00|0.00|0.00|0.00|0.00|-2,908.40|0.00|0.00|0.00|1|
20231031|6432101|0.00|0.00|37,123.52|0.00|37,123.52|0.00|109,516.98|0.00|0.00|0.00|0.00|0.00|-37,123.52|0.00|0.00|0.00|1|
20231031|3952702|0.00|0.00|0.00|542,869.69|0.00|542,869.69|0.00|-608,998.68|0.00|0.00|542,869.69|0.00|0.00|0.00|0.00|0.00|1|
20231031|6327104|0.00|0.00|64,000.00|0.00|64,000.00|0.00|228,000.00|0.00|0.00|0.00|0.00|0.00|-64,000.00|0.00|0.00|0.00|1|
20231031|6329107|0.00|0.00|296,610.15|0.00|296,610.15|0.00|296,610.15|0.00|0.00|0.00|0.00|0.00|-296,610.15|0.00|0.00|0.00|1|
20231130|6393106|0.00|0.00|121,254.05|0.00|121,254.05|0.00|133,729,423.68|0.00|0.00|0.00|0.00|0.00|-121,254.05|0.00|0.00|0.00|1|
20231031|6393110|0.00|0.00|21,147.04|0.00|21,147.04|0.00|564,783.75|0.00|0.00|0.00|0.00|0.00|-21,147.04|0.00|0.00|0.00|1|
20231031|6431101|0.00|0.00|28,906.24|0.00|28,906.24|0.00|48,028.99|0.00|0.00|0.00|0.00|0.00|-28,906.24|0.00|0.00|0.00|1|
20231031|6511102|0.00|0.00|33,116.60|0.00|33,116.60|0.00|76,575.74|0.00|0.00|0.00|0.00|0.00|-33,116.60|0.00|0.00|0.00|1|
20231130|6561106|0.00|0.00|2,142.25|0.00|2,142.25|0.00|674,681.52|0.00|0.00|0.00|0.00|0.00|-2,142.25|0.00|0.00|0.00|1|
20231031|5011101|0.00|0.00|0.00|412,733.12|0.00|412,733.12|0.00|-412,733.12|0.00|0.00|0.00|412,733.12|0.00|0.00|0.00|0.00|1|
20231231|4221201|0.00|0.00|517.22|0.00|517.22|0.00|24,143.77|0.00|0.00|0.00|0.00|0.00|0.00|0.00|0.00|0.00|1|
20231031|1821107|0.00|0.00|2,556.55|0.00|2,556.55|0.00|0.00|0.00|0.00|0.00|2,556.55|0.00|0.00|0.00|0.00|0.00|1|
20231031|1891202|0.00|0.00|265,517.85|0.00|265,517.85|0.00|31,127,340.40|0.00|0.00|0.00|265,517.85|0.00|0.00|0.00|0.00|0.00|1|
20231130|6212101|0.00|0.00|6,348.00|0.00|6,348.00|0.00|195,690.00|0.00|0.00|0.00|0.00|0.00|-6,348.00|0.00|0.00|0.00|1|
20231130|6241101|0.00|0.00|25,000.00|0.00|25,000.00|0.00|153,678.10|0.00|0.00|0.00|0.00|0.00|-25,000.00|0.00|0.00|0.00|1|
20231031|6241101|0.00|0.00|103,678.10|0.00|103,678.10|0.00|153,678.10|0.00|0.00|0.00|0.00|0.00|-103,678.10|0.00|0.00|0.00|1|
20231130|6275103|0.00|0.00|9,483.20|9,483.11|9,483.20|9,483.11|7,890,803.25|0.00|0.00|0.00|0.00|0.00|0.00|0.00|0.00|0.00|1|
20231231|6313101|0.00|0.00|7,714.45|1,177.00|7,714.45|1,177.00|9,098,475.28|0.00|0.00|0.00|0.00|0.00|-6,537.45|0.00|0.00|0.00|1|
20231231|6321104|0.00|0.00|2,798.40|0.00|2,798.40|0.00|1,038,873.60|0.00|0.00|0.00|0.00|0.00|-2,798.40|0.00|0.00|0.00|1|
20231031|3369101|0.00|0.00|1,122,686.83|0.00|1,122,686.83|0.00|1,305,092.52|0.00|0.00|0.00|1,122,686.83|0.00|0.00|0.00|0.00|0.00|1|
20231031|6593115|0.00|0.00|2,794.07|0.00|2,794.07|0.00|5,240.98|0.00|0.00|0.00|0.00|0.00|-2,794.07|0.00|0.00|0.00|1|
20231130|1062203|0.00|0.00|977,340.00|977,340.00|977,340.00|977,340.00|0.00|0.00|0.00|0.00|0.00|0.00|0.00|0.00|0.00|0.00|1|
20231031|6593117|0.00|0.00|1,720,968.39|0.00|1,720,968.39|0.00|6,043,110.90|0.00|0.00|0.00|0.00|0.00|-1,720,968.39|0.00|0.00|0.00|1|
20231231|6593117|0.00|0.00|148,533.48|0.00|148,533.48|0.00|4,028,740.60|0.00|0.00|0.00|0.00|0.00|-148,533.48|0.00|0.00|0.00|1|
20231031|4699204|0.00|0.00|0.00|12,084.70|0.00|12,084.70|0.00|-60,423.50|0.00|0.00|0.00|12,084.70|0.00|0.00|0.00|0.00|1|
20231130|7791101|0.00|0.00|0.00|214.46|0.00|214.46|0.00|-52,029.56|0.00|0.00|0.00|0.00|0.00|214.46|0.00|0.00|1|
20231031|4017301|0.00|0.00|0.00|134,684.01|0.00|134,684.01|0.00|-157,314.38|0.00|0.00|0.00|134,684.01|0.00|0.00|0.00|0.00|1|
20231031|4191101|0.00|0.00|0.00|230,136.04|0.00|230,136.04|0.00|-237,602.71|0.00|0.00|0.00|230,136.04|0.00|0.00|0.00|0.00|1|
20231231|4011102|0.00|0.00|270,091.95|578,312.47|270,091.95|578,312.47|0.00|-647,550,000.48|0.00|0.00|0.00|308,220.52|0.00|0.00|0.00|0.00|1|
20231231|4017401|0.00|0.00|7,761.10|0.00|7,761.10|0.00|0.00|0.00|0.00|0.00|0.00|-7,761.10|0.00|0.00|0.00|0.00|1|
20231130|4171102|0.00|0.00|11,331.61|11,331.61|11,331.61|11,331.61|0.00|0.00|0.00|0.00|0.00|0.00|0.00|0.00|0.00|0.00|1|
20231231|7599102|0.00|0.00|1.38|37.39|1.38|37.39|0.00|-41,665.26|0.00|0.00|0.00|0.00|0.00|36.01|0.00|0.00|1|
20231130|7599102|0.00|0.00|0.00|213.84|0.00|213.84|0.00|-37,086.66|0.00|0.00|0.00|0.00|0.00|213.84|0.00|0.00|1|
20231130|3952101|0.00|0.00|0.00|32,520.54|0.00|32,520.54|0.00|-3,294,583.47|0.00|0.00|32,520.54|0.00|0.00|0.00|0.00|0.00|1|
20231031|4032101|0.00|0.00|0.00|1,852.45|0.00|1,852.45|0.00|-1,992.54|0.00|0.00|0.00|1,852.45|0.00|0.00|0.00|0.00|1|
20231031|1213201|0.00|0.00|2,483,945.90|60,283.34|2,483,945.90|60,283.34|1,969,490,529.23|0.00|0.00|0.00|2,423,662.56|0.00|0.00|0.00|0.00|0.00|1|
20230831|1213201|0.00|0.00|0.00|0.01|0.00|0.01|2,785,700.89|0.00|0.00|0.00|0.00|0.00|0.00|0.00|0.00|0.00|1|
20231231|1291101|0.00|0.00|1,166.00|0.00|1,166.00|0.00|0.00|-24,569.72|0.00|0.00|1,166.00|0.00|0.00|0.00|0.00|0.00|1|
20231231|1413102|0.00|0.00|7,490.00|30,004.57|7,490.00|30,004.57|1,025,365.11|0.00|0.00|0.00|-22,514.57|0.00|0.00|0.00|0.00|0.00|1|
20231031|1629102|0.00|0.00|92,272.95|0.00|92,272.95|0.00|92,272.95|0.00|0.00|0.00|92,272.95|0.00|0.00|0.00|0.00|0.00|1|
20231031|4961101|0.00|0.00|0.00|2,501,063.16|0.00|2,501,063.16|0.00|-255,769,887.87|0.00|0.00|0.00|2,501,063.16|0.00|0.00|0.00|0.00|1|
20231231|4212101|0.00|0.00|1,496,668.62|1,909,342.43|1,496,668.62|1,909,342.43|0.00|-634,691,839.64|0.00|0.00|0.00|412,673.81|0.00|0.00|0.00|0.00|1|
20231130|6312101|0.00|0.00|3,333.27|1,393.00|3,333.27|1,393.00|1,230,365.60|0.00|0.00|0.00|0.00|0.00|-1,940.27|0.00|0.00|0.00|1|
20231130|6371101|0.00|0.00|12,790.80|0.00|12,790.80|0.00|14,790.80|0.00|0.00|0.00|0.00|0.00|-12,790.80|0.00|0.00|0.00|1|
20231031|6371101|0.00|0.00|2,000.00|0.00|2,000.00|0.00|14,790.80|0.00|0.00|0.00|0.00|0.00|-2,000.00|0.00|0.00|0.00|1|
20231130|6841101|0.00|0.00|32,520.54|0.00|32,520.54|0.00|1,481,941.56|0.00|0.00|0.00|0.00|0.00|-32,520.54|0.00|0.00|0.00|1|
20231130|6761101|0.00|0.00|58,243.53|4,994.12|58,243.53|4,994.12|80,271,049.32|0.00|0.00|0.00|0.00|0.00|-53,249.41|0.00|0.00|0.00|1|
20231031|6861901|0.00|0.00|77,407.52|0.00|77,407.52|0.00|447,966.30|0.00|0.00|0.00|0.00|0.00|-77,407.52|0.00|0.00|0.00|1|
20231031|7599107|0.00|0.00|0.00|530,965.05|0.00|530,965.05|0.00|-644,461.07|0.00|0.00|0.00|0.00|0.00|530,965.05|0.00|0.00|1|
20231130|6211102|0.00|0.00|19,716.03|0.00|19,716.03|0.00|2,348,862.60|0.00|0.00|0.00|0.00|0.00|-19,716.03|0.00|0.00|0.00|1|
20231031|6251103|0.00|0.00|102,975.43|0.00|102,975.43|0.00|1,437,467.29|0.00|0.00|0.00|0.00|0.00|-102,975.43|0.00|0.00|0.00|1|
20231231|6241102|0.00|0.00|8,560.95|0.00|8,560.95|0.00|1,162,873.70|0.00|0.00|0.00|0.00|0.00|-8,560.95|0.00|0.00|0.00|1|
20231231|1010101|0.00|0.00|1,169.43|1,169.43|1,169.43|1,169.43|0.00|0.00|0.00|0.00|0.00|0.00|0.00|0.00|0.00|0.00|1|
20231130|4699103|0.00|0.00|0.00|567.60|0.00|567.60|0.00|0.00|0.00|0.00|0.00|567.60|0.00|0.00|0.00|0.00|1|
20231130|4699105|0.00|0.00|20,673.93|28,589.63|20,673.93|28,589.63|0.00|-117,985.40|0.00|0.00|0.00|7,915.70|0.00|0.00|0.00|0.00|1|
20231031|6343108|0.00|0.00|34,745.81|0.00|34,745.81|0.00|125,201.10|0.00|0.00|0.00|0.00|0.00|-34,745.81|0.00|0.00|0.00|1|
20231231|6343108|0.00|0.00|701.93|0.00|701.93|0.00|41,733.70|0.00|0.00|0.00|0.00|0.00|0.00|0.00|0.00|0.00|1|
20231231|6371106|0.00|0.00|436.00|200.00|436.00|200.00|482,904.66|0.00|0.00|0.00|0.00|0.00|0.00|0.00|0.00|0.00|1|
20231130|6251101|0.00|0.00|4,764.24|0.00|4,764.24|0.00|322,024.20|0.00|0.00|0.00|0.00|0.00|-4,764.24|0.00|0.00|0.00|1|
20231130|6271101|0.00|0.00|68,592.75|0.00|68,592.75|0.00|39,124,839.14|0.00|0.00|0.00|0.00|0.00|-68,592.75|0.00|0.00|0.00|1|
20231130|1699102|0.00|0.00|1,288.25|121.78|1,288.25|121.78|16,006.52|0.00|0.00|0.00|1,166.47|0.00|0.00|0.00|0.00|0.00|1|
20231231|1699102|0.00|0.00|105.09|0.00|105.09|0.00|4,001.63|0.00|0.00|0.00|105.09|0.00|0.00|0.00|0.00|0.00|1|
20231231|7761101|0.00|0.00|0.00|539.80|0.00|539.80|0.00|-100,125,336.06|0.00|0.00|0.00|0.00|0.00|539.80|0.00|0.00|1|
20231130|6393111|0.00|0.00|65.02|0.00|65.02|0.00|4,260.76|0.00|0.00|0.00|0.00|0.00|0.00|0.00|0.00|0.00|1|
20231130|6327103|0.00|0.00|6,450.00|0.00|6,450.00|0.00|367,950.16|0.00|0.00|0.00|0.00|0.00|-6,450.00|0.00|0.00|0.00|1|
20231130|6439102|0.00|0.00|211.37|0.00|211.37|0.00|41,250.63|0.00|0.00|0.00|0.00|0.00|0.00|0.00|0.00|0.00|1|
20231231|6531102|0.00|0.00|151.86|0.00|151.86|0.00|45,011.44|0.00|0.00|0.00|0.00|0.00|0.00|0.00|0.00|0.00|1|
20231031|6352101|0.00|0.00|95,550.60|0.00|95,550.60|0.00|229,478.60|0.00|0.00|0.00|0.00|0.00|-95,550.60|0.00|0.00|0.00|1|
20231231|6352101|0.00|0.00|9,623.69|0.00|9,623.69|0.00|114,739.30|0.00|0.00|0.00|0.00|0.00|-9,623.69|0.00|0.00|0.00|1|
20231130|6354102|0.00|0.00|17,192.75|0.00|17,192.75|0.00|703,411.45|0.00|0.00|0.00|0.00|0.00|-17,192.75|0.00|0.00|0.00|1|
20231130|6356101|0.00|0.00|13,380.09|0.00|13,380.09|0.00|576,428.16|0.00|0.00|0.00|0.00|0.00|-13,380.09|0.00|0.00|0.00|1|
20231031|6561107|0.00|0.00|23,310.37|0.00|23,310.37|0.00|113,722.80|0.00|0.00|0.00|0.00|0.00|-23,310.37|0.00|0.00|0.00|1|
20231130|6593109|0.00|0.00|11,281.53|0.00|11,281.53|0.00|22,563.06|0.00|0.00|0.00|0.00|0.00|-11,281.53|0.00|0.00|0.00|1|
20231130|6393116|0.00|0.00|10,452.05|5,999.90|10,452.05|5,999.90|28,291.62|0.00|0.00|0.00|0.00|0.00|-4,452.15|0.00|0.00|0.00|1|
20231231|6412101|0.00|0.00|121.85|0.00|121.85|0.00|293,082.30|0.00|0.00|0.00|0.00|0.00|0.00|0.00|0.00|0.00|1|
20231031|6352104|0.00|0.00|769,448.24|0.02|769,448.24|0.02|27,849,094.35|0.00|0.00|0.00|0.00|0.00|-769,448.22|0.00|0.00|0.00|1|
20231231|6373102|0.00|0.00|252,919.37|11,550.00|252,919.37|11,550.00|18,019,823.68|0.00|0.00|0.00|0.00|0.00|-241,369.37|0.00|0.00|0.00|1|
20231031|6391102|0.00|0.00|47,244.94|11,620.08|47,244.94|11,620.08|604,861.60|0.00|0.00|0.00|0.00|0.00|-35,624.86|0.00|0.00|0.00|1|
20231130|1213101|0.00|0.00|1,452,394.12|2,332,430.64|1,452,394.12|2,332,430.64|668,833,761.04|0.00|0.00|0.00|-880,036.52|0.00|0.00|0.00|0.00|0.00|1|
20231231|1492101|0.00|0.00|870,385.71|0.00|870,385.71|0.00|4,351,928.55|0.00|0.00|0.00|870,385.71|0.00|0.00|0.00|0.00|0.00|1|
20231031|4115101|0.00|0.00|0.00|1,292,498.17|0.00|1,292,498.17|0.00|-1,477,441.14|0.00|0.00|0.00|1,292,498.17|0.00|0.00|0.00|0.00|1|
20231130|4211101|0.00|0.00|238,721.04|221,000.45|238,721.04|221,000.45|0.00|-93,212,553.20|0.00|0.00|0.00|-17,720.59|0.00|0.00|0.00|0.00|1|
20231130|6511102|0.00|0.00|2,082.65|0.00|2,082.65|0.00|689,181.66|0.00|0.00|0.00|0.00|0.00|-2,082.65|0.00|0.00|0.00|1|
20231130|6531103|0.00|0.00|2,328.04|0.00|2,328.04|0.00|81,148.44|0.00|0.00|0.00|0.00|0.00|-2,328.04|0.00|0.00|0.00|1|
20231130|6541101|0.00|0.00|60,230.22|419.00|60,230.22|419.00|112,119,400.80|0.00|0.00|0.00|0.00|0.00|-59,811.22|0.00|0.00|0.00|1|
20231031|6561110|0.00|0.00|210.00|0.00|210.00|0.00|210.00|0.00|0.00|0.00|0.00|0.00|0.00|0.00|0.00|0.00|1|
20231031|4891101|0.00|0.00|0.00|953,333.30|0.00|953,333.30|0.00|-996,666.63|0.00|0.00|0.00|953,333.30|0.00|0.00|0.00|0.00|1|
20231031|5012101|0.00|0.00|0.00|3,972,815.11|0.00|3,972,815.11|0.00|-3,972,815.11|0.00|0.00|0.00|3,972,815.11|0.00|0.00|0.00|0.00|1|
20231130|4221201|0.00|0.00|4,547.31|23,179.42|4,547.31|23,179.42|338,012.78|0.00|0.00|0.00|0.00|18,632.11|0.00|0.00|0.00|0.00|1|
20231130|1811101|0.00|0.00|0.00|25,138.96|0.00|25,138.96|1,861,552.84|0.00|0.00|0.00|-25,138.96|0.00|0.00|0.00|0.00|0.00|1|
20231130|6214101|0.00|0.00|169,933.04|0.00|169,933.04|0.00|80,400,609.27|0.00|0.00|0.00|0.00|0.00|-169,933.04|0.00|0.00|0.00|1|
20231031|6273103|0.00|0.00|4,245.23|0.00|4,245.23|0.00|32,831.47|0.00|0.00|0.00|0.00|0.00|-4,245.23|0.00|0.00|0.00|1|
20231130|6273103|0.00|0.00|444.98|0.00|444.98|0.00|28,141.26|0.00|0.00|0.00|0.00|0.00|0.00|0.00|0.00|0.00|1|
20231231|3369101|0.00|0.00|2,691.63|0.00|2,691.63|0.00|1,305,092.52|0.00|0.00|0.00|2,691.63|0.00|0.00|0.00|0.00|0.00|1|
20231231|4511113|0.00|0.00|23,346.02|0.00|23,346.02|0.00|23,346.02|0.00|0.00|0.00|0.00|-23,346.02|0.00|0.00|0.00|0.00|1|
20231130|1041103|0.00|0.00|2,287,494.40|2,465,160.29|2,287,494.40|2,465,160.29|3,014,708.28|0.00|0.00|0.00|-177,665.89|0.00|0.00|0.00|0.00|0.00|1|
20231130|1041101|0.00|0.00|2,505,125.38|3,074,695.38|2,505,125.38|3,074,695.38|0.00|-141,930,117.90|0.00|0.00|-569,570.00|0.00|0.00|0.00|0.00|0.00|1|
20231231|4221103|0.00|0.00|186,904.63|207,311.64|186,904.63|207,311.64|0.00|-4,285,472.10|0.00|0.00|0.00|20,407.01|0.00|0.00|0.00|0.00|1|
20231031|3961101|0.00|0.00|0.00|91,758.51|0.00|91,758.51|0.00|-93,424.94|0.00|0.00|91,758.51|0.00|0.00|0.00|0.00|0.00|1|
20231130|3961101|0.00|0.00|0.00|935.94|0.00|935.94|0.00|-467,124.70|0.00|0.00|935.94|0.00|0.00|0.00|0.00|0.00|1|
20231031|6531101|0.00|0.00|487,997.49|0.00|487,997.49|0.00|2,330,626.76|0.00|0.00|0.00|0.00|0.00|-487,997.49|0.00|0.00|0.00|1|
20231130|7599104|0.00|0.00|70,561.67|52,877.25|70,561.67|52,877.25|254,889.96|0.00|0.00|0.00|0.00|0.00|0.00|-17,684.42|0.00|0.00|1|
20231130|1221202|0.00|0.00|215,046.06|0.00|215,046.06|0.00|0.00|0.00|0.00|0.00|215,046.06|0.00|0.00|0.00|0.00|0.00|1|
20231231||0.00|0.00|43,987.14|275,938.37|43,987.14|275,938.37|25.32|-766,779.18|0.00|0.00|0.00|0.00|0.00|0.00|0.00|0.00|1|
20230430||0.00|0.00|0.01|0.00|0.01|0.00|0.12|0.00|0.00|0.00|0.00|0.00|0.00|0.00|0.00|0.00|1|
20230531||0.00|0.00|0.01|0.00|0.01|0.00|0.12|0.00|0.00|0.00|0.00|0.00|0.00|0.00|0.00|0.00|1|
20231031|3421101|0.00|0.00|870.68|0.00|870.68|0.00|870.68|0.00|0.00|0.00|870.68|0.00|0.00|0.00|0.00|0.00|1|
20230731|1213201|0.00|0.00|0.02|0.06|0.02|0.06|22,285,607.12|0.00|0.00|0.00|0.00|0.00|0.00|0.00|0.00|0.00|1|
20230430|1213201|0.00|0.00|0.00|0.01|0.00|0.01|2,785,700.89|0.00|0.00|0.00|0.00|0.00|0.00|0.00|0.00|0.00|1|
20231031|1291101|0.00|0.00|0.00|13,450.86|0.00|13,450.86|0.00|-49,139.44|0.00|0.00|-13,450.86|0.00|0.00|0.00|0.00|0.00|1|
20231130|1492102|0.00|0.00|9,590.80|9,590.80|9,590.80|9,590.80|0.00|0.00|0.00|0.00|0.00|0.00|0.00|0.00|0.00|0.00|1|
20231130|1891103|0.00|0.00|28,877.73|28,877.73|28,877.73|28,877.73|0.00|0.00|0.00|0.00|0.00|0.00|0.00|0.00|0.00|0.00|1|
20231130|4011101|0.00|0.00|634,610.76|81,098.39|634,610.76|81,098.39|909,431,292.00|0.00|0.00|0.00|0.00|-553,512.37|0.00|0.00|0.00|0.00|1|
20231231|4011101|0.00|0.00|465,696.78|4,646.39|465,696.78|4,646.39|950,769,078.00|0.00|0.00|0.00|0.00|-461,050.39|0.00|0.00|0.00|0.00|1|
20231031|6221102|0.00|0.00|577,061.33|0.00|577,061.33|0.00|1,277,146.26|0.00|0.00|0.00|0.00|0.00|-577,061.33|0.00|0.00|0.00|1|
20231031|6273101|0.00|0.00|5,790.95|0.00|5,790.95|0.00|101,587.68|0.00|0.00|0.00|0.00|0.00|-5,790.95|0.00|0.00|0.00|1|
20231031|6312101|0.00|0.00|16,653.04|0.00|16,653.04|0.00|912,167.60|0.00|0.00|0.00|0.00|0.00|-16,653.04|0.00|0.00|0.00|1|
20231130|1061101|0.00|0.00|1,922,764.45|2,519,018.50|1,922,764.45|2,519,018.50|6,103.70|0.00|0.00|0.00|-596,254.05|0.00|0.00|0.00|0.00|0.00|1|
20231231|7599103|0.00|0.00|0.00|0.68|0.00|0.68|0.00|-28,526.55|0.00|0.00|0.00|0.00|0.00|0.68|0.00|0.00|1|
20231130|7599107|0.00|0.00|0.00|70,561.67|0.00|70,561.67|0.00|-7,089,071.77|0.00|0.00|0.00|0.00|0.00|70,561.67|0.00|0.00|1|
20231231|6251103|0.00|0.00|68,413.65|0.00|68,413.65|0.00|10,267,623.50|0.00|0.00|0.00|0.00|0.00|-68,413.65|0.00|0.00|0.00|1|
20231031|6221105|0.00|0.00|1,841.62|0.00|1,841.62|0.00|0.00|-41,794.56|0.00|0.00|0.00|0.00|-1,841.62|0.00|0.00|0.00|1|
20231231|1061201|0.00|0.00|50,031.00|0.00|50,031.00|0.00|2,882,796.88|0.00|0.00|0.00|50,031.00|0.00|0.00|0.00|0.00|0.00|1|
20231231|1062103|0.00|0.00|700,000.00|0.00|700,000.00|0.00|700,000.00|0.00|0.00|0.00|700,000.00|0.00|0.00|0.00|0.00|0.00|1|
20231031|4699103|0.00|0.00|1,849.00|1,836.00|1,849.00|1,836.00|0.00|0.00|0.00|0.00|0.00|0.00|0.00|0.00|0.00|0.00|1|
20231031|6393118|0.00|0.00|1,143,560.36|0.00|1,143,560.36|0.00|1,350,201.95|0.00|0.00|0.00|0.00|0.00|-1,143,560.36|0.00|0.00|0.00|1|
20231231|6371108|0.00|0.00|38,517.46|1,904.00|38,517.46|1,904.00|646,960.44|0.00|0.00|0.00|0.00|0.00|-36,613.46|0.00|0.00|0.00|1|
20231031|6373101|0.00|0.00|71,593.56|0.00|71,593.56|0.00|1,129,682.60|0.00|0.00|0.00|0.00|0.00|-71,593.56|0.00|0.00|0.00|1|
20231130|6373101|0.00|0.00|21,240.21|0.00|21,240.21|0.00|677,809.56|0.00|0.00|0.00|0.00|0.00|-21,240.21|0.00|0.00|0.00|1|
20231031|6393113|0.00|0.00|94,432.75|0.00|94,432.75|0.00|188,865.50|0.00|0.00|0.00|0.00|0.00|-94,432.75|0.00|0.00|0.00|1|
20231130|6231101|0.00|0.00|51,077.75|0.00|51,077.75|0.00|186,679.26|0.00|0.00|0.00|0.00|0.00|-51,077.75|0.00|0.00|0.00|1|
20231031|6561109|0.00|0.00|7,302.24|0.00|7,302.24|0.00|29,208.96|0.00|0.00|0.00|0.00|0.00|-7,302.24|0.00|0.00|0.00|1|
20231231|6329102|0.00|0.00|110.17|0.00|110.17|0.00|5,518.63|0.00|0.00|0.00|0.00|0.00|0.00|0.00|0.00|0.00|1|
20231130|6329106|0.00|0.00|58,177.25|5,800.00|58,177.25|5,800.00|3,138,991.25|0.00|0.00|0.00|0.00|0.00|-52,377.25|0.00|0.00|0.00|1|
20231231|6329106|0.00|0.00|56,272.00|0.00|56,272.00|0.00|2,511,193.00|0.00|0.00|0.00|0.00|0.00|-56,272.00|0.00|0.00|0.00|1|
20231130|7599105|0.00|0.00|0.00|21,410.00|0.00|21,410.00|0.00|-256,920.00|0.00|0.00|0.00|0.00|0.00|21,410.00|0.00|0.00|1|
20231231|7599105|0.00|0.00|0.00|21,410.00|0.00|21,410.00|0.00|-256,920.00|0.00|0.00|0.00|0.00|0.00|21,410.00|0.00|0.00|1|
20231031|7721101|0.00|0.00|0.00|536,877.21|0.00|536,877.21|0.00|-1,880,629.40|0.00|0.00|0.00|0.00|0.00|536,877.21|0.00|0.00|1|
20231130|6368101|0.00|0.00|696,939.19|363,133.12|696,939.19|363,133.12|3,182,606,781.66|0.00|0.00|0.00|0.00|0.00|-333,806.07|0.00|0.00|0.00|1|
20231231|6368101|0.00|0.00|358,246.18|0.00|358,246.18|0.00|3,063,312,283.82|0.00|0.00|0.00|0.00|0.00|-358,246.18|0.00|0.00|0.00|1|
20231031|6393103|0.00|0.00|3,353.90|0.00|3,353.90|0.00|21,242.04|0.00|0.00|0.00|0.00|0.00|-3,353.90|0.00|0.00|0.00|1|
20231031|6393111|0.00|0.00|441.06|0.00|441.06|0.00|1,826.04|0.00|0.00|0.00|0.00|0.00|0.00|0.00|0.00|0.00|1|
20231231|6393111|0.00|0.00|102.60|0.00|102.60|0.00|6,695.48|0.00|0.00|0.00|0.00|0.00|0.00|0.00|0.00|0.00|1|
20231031|6327103|0.00|0.00|56,100.00|0.00|56,100.00|0.00|367,950.16|0.00|0.00|0.00|0.00|0.00|-56,100.00|0.00|0.00|0.00|1|
20231031|6439102|0.00|0.00|12,422.17|0.00|12,422.17|0.00|206,253.15|0.00|0.00|0.00|0.00|0.00|-12,422.17|0.00|0.00|0.00|1|
20231031|6531102|0.00|0.00|40,502.94|0.00|40,502.94|0.00|225,057.20|0.00|0.00|0.00|0.00|0.00|-40,502.94|0.00|0.00|0.00|1|
20231031|6344104|0.00|0.00|2,730.00|0.00|2,730.00|0.00|2,730.00|0.00|0.00|0.00|0.00|0.00|-2,730.00|0.00|0.00|0.00|1|
20231231|6356101|0.00|0.00|11,425.10|0.00|11,425.10|0.00|384,285.44|0.00|0.00|0.00|0.00|0.00|-11,425.10|0.00|0.00|0.00|1|
20231130|6561107|0.00|0.00|2,710.75|0.00|2,710.75|0.00|597,044.70|0.00|0.00|0.00|0.00|0.00|-2,710.75|0.00|0.00|0.00|1|
20231031|6364102|0.00|0.00|93,827.80|0.00|93,827.80|0.00|1,371,923.04|0.00|0.00|0.00|0.00|0.00|-93,827.80|0.00|0.00|0.00|1|
20231130|7032111|0.00|0.00|572,408.95|5,034,703.21|572,408.95|5,034,703.21|0.00|-48,479,769,507.60|0.00|0.00|0.00|0.00|0.00|4,462,294.26|0.00|0.00|1|
20231031|4699102|0.00|0.00|1,146.42|30,986.84|1,146.42|30,986.84|0.00|-3,165,919.82|0.00|0.00|0.00|29,840.42|0.00|0.00|0.00|0.00|1|
20231031|5921101|0.00|0.00|5,934,270.43|0.00|5,934,270.43|0.00|39,566,995.03|0.00|0.00|0.00|0.00|-5,934,270.43|0.00|0.00|0.00|0.00|1|
20231130|6211101|0.00|0.00|866,604.80|0.00|866,604.80|0.00|416,082,727.61|0.00|0.00|0.00|0.00|0.00|-866,604.80|0.00|0.00|0.00|1|
20231130|6275101|0.00|0.00|94,202.06|0.00|94,202.06|0.00|50,569,700.16|0.00|0.00|0.00|0.00|0.00|-94,202.06|0.00|0.00|0.00|1|
20231031|6275101|0.00|0.00|826,523.78|0.00|826,523.78|0.00|41,087,881.38|0.00|0.00|0.00|0.00|0.00|-826,523.78|0.00|0.00|0.00|1|
20231130|4511112|0.00|0.00|46,209.08|0.00|46,209.08|0.00|138,144.28|0.00|0.00|0.00|0.00|-46,209.08|0.00|0.00|0.00|0.00|1|
20231231|4511112|0.00|0.00|22,863.06|0.00|22,863.06|0.00|69,072.14|0.00|0.00|0.00|0.00|-22,863.06|0.00|0.00|0.00|0.00|1|
20231031|6356104|0.00|0.00|14,120.70|0.00|14,120.70|0.00|111,046.50|0.00|0.00|0.00|0.00|0.00|-14,120.70|0.00|0.00|0.00|1|
20231031|6329103|0.00|0.00|13,559.50|0.00|13,559.50|0.00|16,930.50|0.00|0.00|0.00|0.00|0.00|-13,559.50|0.00|0.00|0.00|1|
20231130|6343101|0.00|0.00|11,550.63|0.00|11,550.63|0.00|2,520,780.66|0.00|0.00|0.00|0.00|0.00|-11,550.63|0.00|0.00|0.00|1|
20231031|6343101|0.00|0.00|256,821.95|0.00|256,821.95|0.00|840,260.22|0.00|0.00|0.00|0.00|0.00|-256,821.95|0.00|0.00|0.00|1|
20231130|6344105|0.00|0.00|1,509.04|0.00|1,509.04|0.00|16,617.18|0.00|0.00|0.00|0.00|0.00|-1,509.04|0.00|0.00|0.00|1|
20231130|6363101|0.00|0.00|4,582.78|3,041.26|4,582.78|3,041.26|67,932.20|0.00|0.00|0.00|0.00|0.00|-1,541.52|0.00|0.00|0.00|1|
20231231|3961201|0.00|0.00|102.50|0.00|102.50|0.00|0.00|-8,602.53|0.00|0.00|0.00|0.00|0.00|0.00|0.00|0.00|1|
20231130|6371103|0.00|0.00|70,000.00|0.00|70,000.00|0.00|141,000.00|0.00|0.00|0.00|0.00|0.00|-70,000.00|0.00|0.00|0.00|1|
20231031|6371103|0.00|0.00|28,400.00|0.00|28,400.00|0.00|141,000.00|0.00|0.00|0.00|0.00|0.00|-28,400.00|0.00|0.00|0.00|1|
20231031|6373102|0.00|0.00|206,482.92|0.00|206,482.92|0.00|3,941,836.43|0.00|0.00|0.00|0.00|0.00|-206,482.92|0.00|0.00|0.00|1|
20231031|1213101|0.00|0.00|2,507,672.72|5,205.27|2,507,672.72|5,205.27|458,728,914.64|0.00|0.00|0.00|2,502,467.45|0.00|0.00|0.00|0.00|0.00|1|
20231031|6561106|0.00|0.00|24,738.90|0.00|24,738.90|0.00|449,787.68|0.00|0.00|0.00|0.00|0.00|-24,738.90|0.00|0.00|0.00|1|
20231031|6591101|0.00|0.00|445,859.92|57,680.96|445,859.92|57,680.96|1,299,767.61|0.00|0.00|0.00|0.00|0.00|-388,178.96|0.00|0.00|0.00|1|
20231231|1413101|0.00|0.00|1,896.61|6,111.45|1,896.61|6,111.45|47,757.60|0.00|0.00|0.00|-4,214.84|0.00|0.00|0.00|0.00|0.00|1|
20231231|6275103|0.00|0.00|9,273.96|0.00|9,273.96|0.00|3,998,006.98|0.00|0.00|0.00|0.00|0.00|-9,273.96|0.00|0.00|0.00|1|
20231231|1041103|0.00|0.00|49,273.78|55,041.78|49,273.78|55,041.78|1,358,741.76|0.00|0.00|0.00|-5,768.00|0.00|0.00|0.00|0.00|0.00|1|
20231031|1041103|0.00|0.00|225,894.57|0.00|225,894.57|0.00|42,460.68|0.00|0.00|0.00|225,894.57|0.00|0.00|0.00|0.00|0.00|1|
20231130|1062104|0.00|0.00|13,628.09|0.00|13,628.09|0.00|1,874,687.72|0.00|0.00|0.00|13,628.09|0.00|0.00|0.00|0.00|0.00|1|
20231130|4699104|0.00|0.00|61.47|0.00|61.47|0.00|0.00|0.00|0.00|0.00|0.00|0.00|0.00|0.00|0.00|0.00|1|
20231130|4699106|0.00|0.00|46,866.78|39,893.64|46,866.78|39,893.64|0.00|-1,799,520.52|0.00|0.00|0.00|-6,973.14|0.00|0.00|0.00|0.00|1|
20231130|6593117|0.00|0.00|144,868.43|0.00|144,868.43|0.00|4,028,740.60|0.00|0.00|0.00|0.00|0.00|-144,868.43|0.00|0.00|0.00|1|
20231231|4699204|0.00|0.00|0.00|323.97|0.00|323.97|0.00|-12,084.70|0.00|0.00|0.00|323.97|0.00|0.00|0.00|0.00|1|
20231130|4699204|0.00|0.00|323.97|0.00|323.97|0.00|0.00|-12,084.70|0.00|0.00|0.00|0.00|0.00|0.00|0.00|0.00|1|
20231031|4017201|0.00|0.00|0.00|19.20|0.00|19.20|0.00|-1,873.36|0.00|0.00|0.00|19.20|0.00|0.00|0.00|0.00|1|
20231031|4011401|0.00|0.00|0.00|1,903.54|0.00|1,903.54|0.00|-1,256.84|0.00|0.00|0.00|1,903.54|0.00|0.00|0.00|0.00|1|
20231031|3961301|0.00|0.00|0.00|564,166.79|0.00|564,166.79|0.00|-605,006.20|0.00|0.00|564,166.79|0.00|0.00|0.00|0.00|0.00|1|
20231031|4017401|0.00|0.00|0.00|9,272.81|0.00|9,272.81|0.00|0.00|0.00|0.00|0.00|9,272.81|0.00|0.00|0.00|0.00|1|
20231031|3351101|0.00|0.00|510,123.71|0.00|510,123.71|0.00|639,393.87|0.00|0.00|0.00|510,123.71|0.00|0.00|0.00|0.00|0.00|1|
20231231|6531101|0.00|0.00|37,500.00|0.00|37,500.00|0.00|1,165,313.38|0.00|0.00|0.00|0.00|0.00|-37,500.00|0.00|0.00|0.00|1|
20231130|4221202|0.00|0.00|89,351.09|89,351.09|89,351.09|89,351.09|0.00|-1,885,370.00|0.00|0.00|0.00|0.00|0.00|0.00|0.00|0.00|1|
20231031|3311101|0.00|0.00|9,821,691.65|0.00|9,821,691.65|0.00|14,068,647.61|0.00|0.00|0.00|9,821,691.65|0.00|0.00|0.00|0.00|0.00|1|
20231031|3324101|0.00|0.00|902,791.17|0.00|902,791.17|0.00|1,018,441.20|0.00|0.00|0.00|902,791.17|0.00|0.00|0.00|0.00|0.00|1|
20231031|3362101|0.00|0.00|12,041.73|0.00|12,041.73|0.00|12,041.73|0.00|0.00|0.00|12,041.73|0.00|0.00|0.00|0.00|0.00|1|
20231031|3961901|0.00|0.00|0.00|102,781.96|0.00|102,781.96|0.00|-114,967.70|0.00|0.00|102,781.96|0.00|0.00|0.00|0.00|0.00|1|
20231231|3961901|0.00|0.00|0.00|2,664.80|0.00|2,664.80|0.00|-229,935.40|0.00|0.00|2,664.80|0.00|0.00|0.00|0.00|0.00|1|
20231231|4212102|0.00|0.00|7,428.90|7,428.90|7,428.90|7,428.90|0.00|0.00|0.00|0.00|0.00|0.00|0.00|0.00|0.00|0.00|1|
20231130|3952601|0.00|0.00|0.00|4,021.96|0.00|4,021.96|0.00|-484,912.56|0.00|0.00|4,021.96|0.00|0.00|0.00|0.00|0.00|1|
20231130|1213201|0.00|0.00|2,245,194.78|2,364,670.19|2,245,194.78|2,364,670.19|4,972,476,088.65|0.00|0.00|0.00|-119,475.41|0.00|0.00|0.00|0.00|0.00|1|
20230630|1213201|0.00|0.00|0.01|0.02|0.01|0.02|8,357,102.67|0.00|0.00|0.00|0.00|0.00|0.00|0.00|0.00|0.00|1|
20231130|4031102|0.00|0.00|10.00|10.00|10.00|10.00|0.00|0.00|0.00|0.00|0.00|0.00|0.00|0.00|0.00|0.00|1|
20231130|1413102|0.00|0.00|53,624.95|46,082.00|53,624.95|46,082.00|2,476,855.98|0.00|0.00|0.00|7,542.95|0.00|0.00|0.00|0.00|0.00|1|
20231031|1221103|0.00|0.00|1,419.82|0.00|1,419.82|0.00|175,856.69|0.00|0.00|0.00|1,419.82|0.00|0.00|0.00|0.00|0.00|1|
20231130|6314101|0.00|0.00|6,545.77|0.00|6,545.77|0.00|9,616,274.67|0.00|0.00|0.00|0.00|0.00|-6,545.77|0.00|0.00|0.00|1|
20231130|6329105|0.00|0.00|3,737.00|0.00|3,737.00|0.00|11,385.00|0.00|0.00|0.00|0.00|0.00|-3,737.00|0.00|0.00|0.00|1|
20231231|6343109|0.00|0.00|97.46|0.00|97.46|0.00|3,841.40|0.00|0.00|0.00|0.00|0.00|0.00|0.00|0.00|0.00|1|
20231130|6371105|0.00|0.00|16,859.20|0.00|16,859.20|0.00|279,919.88|0.00|0.00|0.00|0.00|0.00|-16,859.20|0.00|0.00|0.00|1|
20231130|6393108|0.00|0.00|967.83|0.00|967.83|0.00|11,666.37|0.00|0.00|0.00|0.00|0.00|0.00|0.00|0.00|0.00|1|
20231231|6393112|0.00|0.00|313.89|0.00|313.89|0.00|1,783.95|0.00|0.00|0.00|0.00|0.00|0.00|0.00|0.00|0.00|1|
20231031|6841101|0.00|0.00|324,484.85|0.00|324,484.85|0.00|1,481,941.56|0.00|0.00|0.00|0.00|0.00|-324,484.85|0.00|0.00|0.00|1|
20231130|6561105|0.00|0.00|2,525.92|0.00|2,525.92|0.00|659,277.20|0.00|0.00|0.00|0.00|0.00|-2,525.92|0.00|0.00|0.00|1|
20231031|6593112|0.00|0.00|74,125.32|0.00|74,125.32|0.00|202,524.58|0.00|0.00|0.00|0.00|0.00|-74,125.32|0.00|0.00|0.00|1|
20231231|1041102|0.00|0.00|360,528.50|227,947.56|360,528.50|227,947.56|149,658,796.80|0.00|0.00|0.00|132,580.94|0.00|0.00|0.00|0.00|0.00|1|
20231231|1221203|0.00|0.00|256,966.89|181,638.16|256,966.89|181,638.16|176,219,826.30|0.00|0.00|0.00|75,328.73|0.00|0.00|0.00|0.00|0.00|1|
20231031|6211102|0.00|0.00|60,577.50|0.00|60,577.50|0.00|2,432,750.55|0.00|0.00|0.00|0.00|0.00|-60,577.50|0.00|0.00|0.00|1|
20231130|6275104|0.00|0.00|1,017.19|1,016.92|1,017.19|1,016.92|7,715,822.10|0.00|0.00|0.00|0.00|0.00|0.00|0.00|0.00|0.00|1|
20231231|6275104|0.00|0.00|949.16|0.00|949.16|0.00|3,600,716.98|0.00|0.00|0.00|0.00|0.00|0.00|0.00|0.00|0.00|1|
20231130|6273102|0.00|0.00|394.44|0.00|394.44|0.00|50,454.48|0.00|0.00|0.00|0.00|0.00|0.00|0.00|0.00|0.00|1|
20231231|6329104|0.00|0.00|281,850.00|0.00|281,850.00|0.00|34,117,755.36|0.00|0.00|0.00|0.00|0.00|-281,850.00|0.00|0.00|0.00|1|
20231231|4699105|0.00|0.00|19,267.26|13.00|19,267.26|13.00|0.00|-9,075.80|0.00|0.00|0.00|-19,254.26|0.00|0.00|0.00|0.00|1|
20231231|4699107|0.00|0.00|1,055.00|13.00|1,055.00|13.00|0.00|-2,449.00|0.00|0.00|0.00|-1,042.00|0.00|0.00|0.00|0.00|1|
20231031|6367101|0.00|0.00|792.20|0.00|792.20|0.00|950.64|0.00|0.00|0.00|0.00|0.00|0.00|0.00|0.00|0.00|1|
20231031|6214102|0.00|0.00|431,770.18|0.00|431,770.18|0.00|17,890,961.87|0.00|0.00|0.00|0.00|0.00|-431,770.18|0.00|0.00|0.00|1|
20231231|6373101|0.00|0.00|20,000.00|0.00|20,000.00|0.00|112,968.26|0.00|0.00|0.00|0.00|0.00|-20,000.00|0.00|0.00|0.00|1|
20231130|6329102|0.00|0.00|267.29|0.00|267.29|0.00|11,037.26|0.00|0.00|0.00|0.00|0.00|0.00|0.00|0.00|0.00|1|
20231031|6356101|0.00|0.00|133,870.86|0.00|133,870.86|0.00|576,428.16|0.00|0.00|0.00|0.00|0.00|-133,870.86|0.00|0.00|0.00|1|
20231231|6364106|0.00|0.00|2,405.00|0.00|2,405.00|0.00|168,291.86|0.00|0.00|0.00|0.00|0.00|-2,405.00|0.00|0.00|0.00|1|
20231231|6393116|0.00|0.00|4,978.39|0.00|4,978.39|0.00|9,430.54|0.00|0.00|0.00|0.00|0.00|-4,978.39|0.00|0.00|0.00|1|
20231031|5911101|0.00|0.00|0.00|23,656,559.80|0.00|23,656,559.80|0.00|-44,648,671.47|0.00|0.00|0.00|23,656,559.80|0.00|0.00|0.00|0.00|1|
20231231|6251104|0.00|0.00|2,523.00|0.00|2,523.00|0.00|30,630.00|0.00|0.00|0.00|0.00|0.00|-2,523.00|0.00|0.00|0.00|1|
20231031|6311201|0.00|0.00|272,746.93|0.00|272,746.93|0.00|16,247,046.00|0.00|0.00|0.00|0.00|0.00|-272,746.93|0.00|0.00|0.00|1|
20231130|6315101|0.00|0.00|293.00|0.00|293.00|0.00|169,562.52|0.00|0.00|0.00|0.00|0.00|0.00|0.00|0.00|0.00|1|
20231231|6315101|0.00|0.00|1,420.39|0.00|1,420.39|0.00|678,250.08|0.00|0.00|0.00|0.00|0.00|-1,420.39|0.00|0.00|0.00|1|
20231130|6432101|0.00|0.00|4,227.47|0.00|4,227.47|0.00|164,275.47|0.00|0.00|0.00|0.00|0.00|-4,227.47|0.00|0.00|0.00|1|
20231130|3952702|0.00|0.00|0.00|9,174.75|0.00|9,174.75|0.00|-6,698,985.48|0.00|0.00|9,174.75|0.00|0.00|0.00|0.00|0.00|1|
20231031|1821103|0.00|0.00|385.65|0.00|385.65|0.00|0.00|0.00|0.00|0.00|385.65|0.00|0.00|0.00|0.00|0.00|1|
20231130|1821103|0.00|0.00|0.00|385.65|0.00|385.65|0.00|0.00|0.00|0.00|0.00|0.00|0.00|0.00|0.00|0.00|1|
20231130|6361101|0.00|0.00|31,585.37|18,326.23|31,585.37|18,326.23|1,468,352.40|0.00|0.00|0.00|0.00|0.00|-13,259.14|0.00|0.00|0.00|1|
20231031|6363101|0.00|0.00|12,044.92|0.00|12,044.92|0.00|13,586.44|0.00|0.00|0.00|0.00|0.00|-12,044.92|0.00|0.00|0.00|1|
20231231|6371103|0.00|0.00|42,600.00|0.00|42,600.00|0.00|141,000.00|0.00|0.00|0.00|0.00|0.00|-42,600.00|0.00|0.00|0.00|1|
20231130|6373102|0.00|0.00|115,267.20|0.00|115,267.20|0.00|6,194,314.39|0.00|0.00|0.00|0.00|0.00|-115,267.20|0.00|0.00|0.00|1|
20231130|6393114|0.00|0.00|8,631.37|6,000.00|8,631.37|6,000.00|27,811,287.90|0.00|0.00|0.00|0.00|0.00|-2,631.37|0.00|0.00|0.00|1|
20231031|6531103|0.00|0.00|24,721.44|0.00|24,721.44|0.00|81,148.44|0.00|0.00|0.00|0.00|0.00|-24,721.44|0.00|0.00|0.00|1|
20231231|4241201|0.00|0.00|3,495.64|2,119.68|3,495.64|2,119.68|0.00|0.00|0.00|0.00|0.00|-1,375.96|0.00|0.00|0.00|0.00|1|
20231031|1411101|0.00|0.00|25,505.94|0.00|25,505.94|0.00|24,437.03|0.00|0.00|0.00|25,505.94|0.00|0.00|0.00|0.00|0.00|1|
20231130|4891101|0.00|0.00|0.00|43,333.33|0.00|43,333.33|0.00|-996,666.63|0.00|0.00|0.00|43,333.33|0.00|0.00|0.00|0.00|1|
20231031|6212101|0.00|0.00|91,497.00|0.00|91,497.00|0.00|97,845.00|0.00|0.00|0.00|0.00|0.00|-91,497.00|0.00|0.00|0.00|1|
20231031|6275103|0.00|0.00|92,512.06|0.00|92,512.06|0.00|4,103,217.69|0.00|0.00|0.00|0.00|0.00|-92,512.06|0.00|0.00|0.00|1|
20231130|6311101|0.00|0.00|939.14|0.00|939.14|0.00|18,040.18|0.00|0.00|0.00|0.00|0.00|0.00|0.00|0.00|0.00|1|
20231031|7032121|0.00|0.00|83,791.74|601,288.29|83,791.74|601,288.29|0.00|-8,056,328.72|0.00|0.00|0.00|0.00|0.00|517,496.55|0.00|0.00|1|
20231231|6561102|0.00|0.00|52,971.97|0.00|52,971.97|0.00|22,495,872.30|0.00|0.00|0.00|0.00|0.00|-52,971.97|0.00|0.00|0.00|1|
20231031|4699106|0.00|0.00|0.00|70,016.27|0.00|70,016.27|0.00|-2,827,817.96|0.00|0.00|0.00|70,016.27|0.00|0.00|0.00|0.00|1|
20231130|4017201|0.00|0.00|19.20|608.35|19.20|608.35|0.00|-9,366.80|0.00|0.00|0.00|589.15|0.00|0.00|0.00|0.00|1|
20231231|4017201|0.00|0.00|0.00|625.01|0.00|625.01|0.00|-5,620.08|0.00|0.00|0.00|625.01|0.00|0.00|0.00|0.00|1|
20231231|3961101|0.00|0.00|0.00|609.90|0.00|609.90|0.00|-93,424.94|0.00|0.00|609.90|0.00|0.00|0.00|0.00|0.00|1|
20231130|3961301|0.00|0.00|0.00|21,561.35|0.00|21,561.35|0.00|-7,865,080.60|0.00|0.00|21,561.35|0.00|0.00|0.00|0.00|0.00|1|
20231031|4031101|0.00|0.00|0.00|67,907.53|0.00|67,907.53|0.00|-76,937.29|0.00|0.00|0.00|67,907.53|0.00|0.00|0.00|0.00|1|
20231031|3200|0.00|0.00|15,652,702.64|15,652,702.82|15,652,702.64|15,652,702.82|0.00|0.00|0.00|0.00|0.00|0.00|0.00|0.00|0.00|0.00|1|
20231031|4211103|0.00|0.00|0.00|502,913.08|0.00|502,913.08|0.00|-11,922,719.52|0.00|0.00|0.00|502,913.08|0.00|0.00|0.00|0.00|1|
20231031|1821106|0.00|0.00|5,263.93|0.00|5,263.93|0.00|4,311.21|0.00|0.00|0.00|5,263.93|0.00|0.00|0.00|0.00|0.00|1|
20231130|1821106|0.00|0.00|0.00|952.72|0.00|952.72|90,535.41|0.00|0.00|0.00|0.00|0.00|0.00|0.00|0.00|0.00|1|
20231130|4011201|0.00|0.00|5,198.00|5,198.00|5,198.00|5,198.00|0.00|0.00|0.00|0.00|0.00|0.00|0.00|0.00|0.00|0.00|1|
20231231|1911201|0.00|0.00|0.00|1,732.55|0.00|1,732.55|0.00|-64,625.37|0.00|0.00|1,732.55|0.00|0.00|0.00|0.00|0.00|1|
20231130|1911201|0.00|0.00|1,732.55|0.00|1,732.55|0.00|0.00|-64,625.37|0.00|0.00|-1,732.55|0.00|0.00|0.00|0.00|0.00|1|
20231231|4221202|0.00|0.00|65,843.39|85,689.39|65,843.39|85,689.39|0.00|-1,925,062.00|0.00|0.00|0.00|19,846.00|0.00|0.00|0.00|0.00|1|
20230930||0.00|0.00|0.16|0.13|0.16|0.13|3.48|0.00|0.00|0.00|0.00|0.00|0.00|0.00|0.00|0.00|1|
20230630||0.00|0.00|0.02|0.01|0.02|0.01|0.36|0.00|0.00|0.00|0.00|0.00|0.00|0.00|0.00|0.00|1|
20230831||0.00|0.00|0.01|0.00|0.01|0.00|0.12|0.00|0.00|0.00|0.00|0.00|0.00|0.00|0.00|0.00|1|
20231031|3321101|0.00|0.00|6,902,151.90|0.00|6,902,151.90|0.00|9,775,108.42|0.00|0.00|0.00|6,902,151.90|0.00|0.00|0.00|0.00|0.00|1|
20231031|3363101|0.00|0.00|182,026.58|0.00|182,026.58|0.00|182,026.58|0.00|0.00|0.00|182,026.58|0.00|0.00|0.00|0.00|0.00|1|
20231130|4111101|0.00|0.00|795,328.67|817,641.16|795,328.67|817,641.16|0.00|0.00|0.00|0.00|0.00|22,312.49|0.00|0.00|0.00|0.00|1|
20231130|4212102|0.00|0.00|15,258.04|15,258.04|15,258.04|15,258.04|0.00|0.00|0.00|0.00|0.00|0.00|0.00|0.00|0.00|0.00|1|
20231031|1211102|0.00|0.00|1,065,010.08|0.00|1,065,010.08|0.00|214,337,210.99|0.00|0.00|0.00|1,065,010.08|0.00|0.00|0.00|0.00|0.00|1|
20231031|1413102|0.00|0.00|28,992.90|704.85|28,992.90|704.85|692,454.36|0.00|0.00|0.00|28,288.05|0.00|0.00|0.00|0.00|0.00|1|
20231031|1821108|0.00|0.00|348.15|0.00|348.15|0.00|278.52|0.00|0.00|0.00|348.15|0.00|0.00|0.00|0.00|0.00|1|
20231130|1821108|0.00|0.00|0.00|69.63|0.00|69.63|557.04|0.00|0.00|0.00|0.00|0.00|0.00|0.00|0.00|0.00|1|
20231031|4114101|0.00|0.00|0.00|572,215.80|0.00|572,215.80|0.00|-814,771.35|0.00|0.00|0.00|572,215.80|0.00|0.00|0.00|0.00|1|
20231130|4241101|0.00|0.00|14,400.00|22,020.00|14,400.00|22,020.00|0.00|-66,900.00|0.00|0.00|0.00|7,620.00|0.00|0.00|0.00|0.00|1|
20231130|1221103|0.00|0.00|167,384.59|60,737.24|167,384.59|60,737.24|35,171,338.00|0.00|0.00|0.00|106,647.35|0.00|0.00|0.00|0.00|0.00|1|
20231031|4212201|0.00|0.00|6,672.84|1,110,915.31|6,672.84|1,110,915.31|0.00|-65,717,364.10|0.00|0.00|0.00|1,104,242.47|0.00|0.00|0.00|0.00|1|
20231231|4212201|0.00|0.00|1,239,802.54|1,053,717.14|1,239,802.54|1,053,717.14|0.00|-163,133,692.06|0.00|0.00|0.00|-186,085.40|0.00|0.00|0.00|0.00|1|
20230930|4212201|0.00|0.00|0.00|0.02|0.00|0.02|0.00|-1,546,290.92|0.00|0.00|0.00|0.02|0.00|0.00|0.00|0.00|1|
20231231|6314101|0.00|0.00|9,821.04|0.00|9,821.04|0.00|21,006,425.25|0.00|0.00|0.00|0.00|0.00|-9,821.04|0.00|0.00|0.00|1|
20231130|6343109|0.00|0.00|161.01|0.00|161.01|0.00|5,762.10|0.00|0.00|0.00|0.00|0.00|0.00|0.00|0.00|0.00|1|
20231031|6861101|0.00|0.00|12,407.94|0.00|12,407.94|0.00|125,764.92|0.00|0.00|0.00|0.00|0.00|-12,407.94|0.00|0.00|0.00|1|
20231231|6593112|0.00|0.00|8,373.55|0.00|8,373.55|0.00|506,311.45|0.00|0.00|0.00|0.00|0.00|-8,373.55|0.00|0.00|0.00|1|
20231130|6861301|0.00|0.00|21,561.35|0.00|21,561.35|0.00|1,739,778.17|0.00|0.00|0.00|0.00|0.00|-21,561.35|0.00|0.00|0.00|1|
20231130|1041102|0.00|0.00|399,004.08|453,929.08|399,004.08|453,929.08|309,017,700.80|0.00|0.00|0.00|-54,925.00|0.00|0.00|0.00|0.00|0.00|1|
20231231|1061101|0.00|0.00|0.00|367,000.00|0.00|367,000.00|1,220.74|0.00|0.00|0.00|-367,000.00|0.00|0.00|0.00|0.00|0.00|1|
20231231|1041201|0.00|0.00|883,463.18|2,340,777.96|883,463.18|2,340,777.96|0.00|-249,485,935.82|0.00|0.00|-1,457,314.78|0.00|0.00|0.00|0.00|0.00|1|
20231130|6251103|0.00|0.00|14,118.85|0.00|14,118.85|0.00|2,053,524.70|0.00|0.00|0.00|0.00|0.00|-14,118.85|0.00|0.00|0.00|1|
20231031|6275104|0.00|0.00|10,389.10|0.00|10,389.10|0.00|2,571,940.70|0.00|0.00|0.00|0.00|0.00|-10,389.10|0.00|0.00|0.00|1|
20231031|6221103|0.00|0.00|44,371.80|0.00|44,371.80|0.00|1,401,823.64|0.00|0.00|0.00|0.00|0.00|-44,371.80|0.00|0.00|0.00|1|
20231130|6221109|0.00|0.00|300.00|0.00|300.00|0.00|3,840.00|0.00|0.00|0.00|0.00|0.00|0.00|0.00|0.00|0.00|1|
20231130|6241102|0.00|0.00|12,713.04|0.00|12,713.04|0.00|1,628,023.18|0.00|0.00|0.00|0.00|0.00|-12,713.04|0.00|0.00|0.00|1|
20231031|6241102|0.00|0.00|199,800.01|0.00|199,800.01|0.00|4,651,494.80|0.00|0.00|0.00|0.00|0.00|-199,800.01|0.00|0.00|0.00|1|
20231031|1221201|0.00|0.00|0.00|5,763.80|0.00|5,763.80|0.00|-11,527.60|0.00|0.00|-5,763.80|0.00|0.00|0.00|0.00|0.00|1|
20231231|4699103|0.00|0.00|381.00|26.00|381.00|26.00|0.00|0.00|0.00|0.00|0.00|0.00|0.00|0.00|0.00|0.00|1|
20231231|6393118|0.00|0.00|206,641.59|0.00|206,641.59|0.00|2,700,403.90|0.00|0.00|0.00|0.00|0.00|-206,641.59|0.00|0.00|0.00|1|
20231130|6371108|0.00|0.00|9,598.00|0.00|9,598.00|0.00|92,422.92|0.00|0.00|0.00|0.00|0.00|-9,598.00|0.00|0.00|0.00|1|
20231031|6391101|0.00|0.00|4,648.67|0.00|4,648.67|0.00|12,015.82|0.00|0.00|0.00|0.00|0.00|-4,648.67|0.00|0.00|0.00|1|
20231130|6393109|0.00|0.00|83,809.72|0.00|83,809.72|0.00|2,303,383.32|0.00|0.00|0.00|0.00|0.00|-83,809.72|0.00|0.00|0.00|1|
20231231|6393115|0.00|0.00|276,971.68|10,366.25|276,971.68|10,366.25|20,728,412.32|0.00|0.00|0.00|0.00|0.00|-266,605.43|0.00|0.00|0.00|1|
20231031|6329106|0.00|0.00|519,149.00|0.00|519,149.00|0.00|627,798.25|0.00|0.00|0.00|0.00|0.00|-519,149.00|0.00|0.00|0.00|1|
20231130|7761101|0.00|0.00|0.00|47,461.13|0.00|47,461.13|0.00|-171,820,021.14|0.00|0.00|0.00|0.00|0.00|47,461.13|0.00|0.00|1|
20231231|6356103|0.00|0.00|15,651.45|0.00|15,651.45|0.00|221,387.67|0.00|0.00|0.00|0.00|0.00|-15,651.45|0.00|0.00|0.00|1|
20231031|6321103|0.00|0.00|74,115.00|0.00|74,115.00|0.00|115,988.50|0.00|0.00|0.00|0.00|0.00|-74,115.00|0.00|0.00|0.00|1|
20231231|6861201|0.00|0.00|0.00|102.50|0.00|102.50|271.58|0.00|0.00|0.00|0.00|0.00|102.50|0.00|0.00|0.00|1|
20231231|6354102|0.00|0.00|17,188.50|0.00|17,188.50|0.00|562,729.16|0.00|0.00|0.00|0.00|0.00|-17,188.50|0.00|0.00|0.00|1|
20231231|6561107|0.00|0.00|2,409.58|0.00|2,409.58|0.00|511,752.60|0.00|0.00|0.00|0.00|0.00|-2,409.58|0.00|0.00|0.00|1|
20231130|6364102|0.00|0.00|20,008.17|9,163.84|20,008.17|9,163.84|5,830,672.92|0.00|0.00|0.00|0.00|0.00|-10,844.33|0.00|0.00|0.00|1|
20231231|6364102|0.00|0.00|9,654.79|0.00|9,654.79|0.00|11,661,345.84|0.00|0.00|0.00|0.00|0.00|-9,654.79|0.00|0.00|0.00|1|
20231231|7032111|0.00|0.00|283,699.41|3,148,324.94|283,699.41|3,148,324.94|0.00|-37,934,603,089.20|0.00|0.00|0.00|0.00|0.00|2,864,625.53|0.00|0.00|1|
20231031|6211101|0.00|0.00|8,170,204.41|0.00|8,170,204.41|0.00|375,489,290.77|0.00|0.00|0.00|0.00|0.00|-8,170,204.41|0.00|0.00|0.00|1|
20231231|6275101|0.00|0.00|74,652.77|0.00|74,652.77|0.00|58,997,983.52|0.00|0.00|0.00|0.00|0.00|-74,652.77|0.00|0.00|0.00|1|
20231130|6352104|0.00|0.00|148,927.47|74,463.74|148,927.47|74,463.74|70,044,691.85|0.00|0.00|0.00|0.00|0.00|-74,463.73|0.00|0.00|0.00|1|
20231031|6361101|0.00|0.00|156,434.09|0.00|156,434.09|0.00|183,544.05|0.00|0.00|0.00|0.00|0.00|-156,434.09|0.00|0.00|0.00|1|
20231031|1891102|0.00|0.00|85,433.82|0.00|85,433.82|0.00|813,301.50|0.00|0.00|0.00|85,433.82|0.00|0.00|0.00|0.00|0.00|1|
20231231|6391102|0.00|0.00|3,600.56|0.00|3,600.56|0.00|3,413,147.60|0.00|0.00|0.00|0.00|0.00|-3,600.56|0.00|0.00|0.00|1|
20231231|6393106|0.00|0.00|125,377.39|0.00|125,377.39|0.00|133,729,423.68|0.00|0.00|0.00|0.00|0.00|-125,377.39|0.00|0.00|0.00|1|
20231231|6393114|0.00|0.00|2,251.01|593.22|2,251.01|593.22|37,081,717.20|0.00|0.00|0.00|0.00|0.00|-1,657.79|0.00|0.00|0.00|1|
20231031|4211101|0.00|0.00|0.00|265,311.38|0.00|265,311.38|0.00|-79,947,689.86|0.00|0.00|0.00|265,311.38|0.00|0.00|0.00|0.00|1|
20231130|1211101|0.00|0.00|461,055.49|619,739.34|461,055.49|619,739.34|137,178,986.46|0.00|0.00|0.00|-158,683.85|0.00|0.00|0.00|0.00|0.00|1|
20231130|6591101|0.00|0.00|101.70|0.00|101.70|0.00|433,255.87|0.00|0.00|0.00|0.00|0.00|0.00|0.00|0.00|0.00|1|
20231130|6593103|0.00|0.00|81,806.17|0.00|81,806.17|0.00|33,825,946.86|0.00|0.00|0.00|0.00|0.00|-81,806.17|0.00|0.00|0.00|1|
20231130|1411101|0.00|0.00|2,878.24|4,041.08|2,878.24|4,041.08|366,555.45|0.00|0.00|0.00|-1,162.84|0.00|0.00|0.00|0.00|0.00|1|
20231130|6841501|0.00|0.00|14,699.00|0.00|14,699.00|0.00|6,900,621.30|0.00|0.00|0.00|0.00|0.00|-14,699.00|0.00|0.00|0.00|1|
20231031|1811101|0.00|0.00|1,886,691.80|0.00|1,886,691.80|0.00|1,861,552.84|0.00|0.00|0.00|1,886,691.80|0.00|0.00|0.00|0.00|0.00|1|
20231130|1821107|0.00|0.00|0.00|2,556.55|0.00|2,556.55|0.00|0.00|0.00|0.00|-2,556.55|0.00|0.00|0.00|0.00|0.00|1|
20231231|6241101|0.00|0.00|25,000.00|0.00|25,000.00|0.00|153,678.10|0.00|0.00|0.00|0.00|0.00|-25,000.00|0.00|0.00|0.00|1|
20231031|6291101|0.00|0.00|979,651.33|0.00|979,651.33|0.00|44,418,075.24|0.00|0.00|0.00|0.00|0.00|-979,651.33|0.00|0.00|0.00|1|
20231130|6291101|0.00|0.00|100,674.44|4,816.96|100,674.44|4,816.96|63,625,891.56|0.00|0.00|0.00|0.00|0.00|-95,857.48|0.00|0.00|0.00|1|
20231231|6311101|0.00|0.00|1,026.61|0.00|1,026.61|0.00|108,241.08|0.00|0.00|0.00|0.00|0.00|-1,026.61|0.00|0.00|0.00|1|
20231031|6313101|0.00|0.00|103,356.28|0.00|103,356.28|0.00|2,035,185.26|0.00|0.00|0.00|0.00|0.00|-103,356.28|0.00|0.00|0.00|1|
20231031|6561102|0.00|0.00|148,491.55|0.00|148,491.55|0.00|1,431,555.51|0.00|0.00|0.00|0.00|0.00|-148,491.55|0.00|0.00|0.00|1|
20231031|1041202|0.00|0.00|57,720.84|0.00|57,720.84|0.00|590,811.21|0.00|0.00|0.00|57,720.84|0.00|0.00|0.00|0.00|0.00|1|
20231130|6593115|0.00|0.00|1,885.36|377.50|1,885.36|377.50|26,204.90|0.00|0.00|0.00|0.00|0.00|-1,507.86|0.00|0.00|0.00|1|
20231231|6593115|0.00|0.00|939.05|0.00|939.05|0.00|10,481.96|0.00|0.00|0.00|0.00|0.00|0.00|0.00|0.00|0.00|1|
20231231|1061202|0.00|0.00|42,685.99|0.00|42,685.99|0.00|6,285,088.00|0.00|0.00|0.00|42,685.99|0.00|0.00|0.00|0.00|0.00|1|
20231231|1041101|0.00|0.00|2,871,088.72|3,394,141.49|2,871,088.72|3,394,141.49|0.00|-73,485,313.38|0.00|0.00|-523,052.77|0.00|0.00|0.00|0.00|0.00|1|
20231231|1061102|0.00|0.00|0.00|385,000.00|0.00|385,000.00|1,969.46|0.00|0.00|0.00|-385,000.00|0.00|0.00|0.00|0.00|0.00|1|
20231231|4699108|0.00|0.00|0.00|300.90|0.00|300.90|0.00|-16,014.46|0.00|0.00|0.00|300.90|0.00|0.00|0.00|0.00|1|
20231031|7791101|0.00|0.00|0.00|4,204.93|0.00|4,204.93|0.00|-13,007.39|0.00|0.00|0.00|0.00|0.00|4,204.93|0.00|0.00|1|
20231130|3491101|0.00|0.00|14,634.54|14,634.54|14,634.54|14,634.54|2,285,026.78|0.00|0.00|0.00|0.00|0.00|0.00|0.00|0.00|0.00|1|
20231031|4151101|0.00|0.00|0.00|572,859.92|0.00|572,859.92|0.00|-102,936.49|0.00|0.00|0.00|572,859.92|0.00|0.00|0.00|0.00|1|
20231130|3431101|0.00|0.00|101,969.02|0.00|101,969.02|0.00|8,142,418.44|0.00|0.00|0.00|101,969.02|0.00|0.00|0.00|0.00|0.00|1|
