20231031|1821105|0.00|0.00|40657.44|0.00|40657.44|0.00|29041.02|0.00|0.00|0.00|40657.44|0.00|0.00|0.00|0.00|0.00|1|
20231231|7599108|0.00|0.00|5279.30|5279.30|5279.30|5279.30|0.00|0.00|0.00|0.00|0.00|0.00|0.00|0.00|0.00|0.00|1|
20231031|1911201|0.00|0.00|0.00|64625.37|0.00|64625.37|0.00|0.00|0.00|0.00|64625.37|0.00|0.00|0.00|0.00|0.00|1|
20231231|4221101|0.00|0.00|4929.56|14650.41|4929.56|14650.41|317833.74|0.00|0.00|0.00|0.00|9720.85|0.00|0.00|0.00|0.00|1|
20231130|6593101|0.00|0.00|47.19|1.47|47.19|1.47|88585.43|0.00|0.00|0.00|0.00|0.00|0.00|0.00|0.00|0.00|1|
20230430|6593101|0.00|0.00|0.01|0.00|0.01|0.00|352.93|0.00|0.00|0.00|0.00|0.00|0.00|0.00|0.00|0.00|1|
20230630|6593101|0.00|0.00|0.02|0.01|0.02|0.01|1058.79|0.00|0.00|0.00|0.00|0.00|0.00|0.00|0.00|0.00|1|
20231231|3952701|0.00|0.00|0.00|5524.25|0.00|5524.25|0.00|0.00|0.00|0.00|5524.25|0.00|0.00|0.00|0.00|0.00|1|
20231130|2524101|0.00|0.00|226.19|226.19|226.19|226.19|0.00|0.00|0.00|0.00|0.00|0.00|0.00|0.00|0.00|0.00|1|
20231130|4171101|0.00|0.00|74038.37|74038.37|74038.37|74038.37|0.00|0.00|0.00|0.00|0.00|0.00|0.00|0.00|0.00|0.00|1|
20231231|1213201|0.00|0.00|2092057.80|2433110.10|2092057.80|2433110.10|3363439271.79|0.00|0.00|0.00|0.00|0.00|0.00|0.00|0.00|0.00|1|
20230531|1213201|0.00|0.00|0.00|0.01|0.00|0.01|2103464.21|0.00|0.00|0.00|0.00|0.00|0.00|0.00|0.00|0.00|1|
20231031|4031102|0.00|0.00|0.00|10.00|0.00|10.00|0.00|0.00|0.00|0.00|0.00|10.00|0.00|0.00|0.00|0.00|1|
20231231|1821108|0.00|0.00|0.00|69.63|0.00|69.63|417.78|0.00|0.00|0.00|0.00|0.00|0.00|0.00|0.00|0.00|1|
20231231|4114101|0.00|0.00|867438.67|848521.43|867438.67|848521.43|0.00|0.00|0.00|0.00|0.00|0.00|0.00|0.00|0.00|0.00|1|
20231031|4241101|0.00|0.00|0.00|1200.00|0.00|1200.00|0.00|0.00|0.00|0.00|0.00|1200.00|0.00|0.00|0.00|0.00|1|
20231130|1699101|0.00|0.00|978.58|1459.72|978.58|1459.72|72713.96|0.00|0.00|0.00|0.00|0.00|0.00|0.00|0.00|0.00|1|
20231130|6221102|0.00|0.00|61511.80|0.00|61511.80|0.00|1402627.30|0.00|0.00|0.00|0.00|0.00|0.00|0.00|0.00|0.00|1|
20231130|6221106|0.00|0.00|1614.51|0.00|1614.51|0.00|24375.67|0.00|0.00|0.00|0.00|0.00|0.00|0.00|0.00|0.00|1|
20231130|6273101|0.00|0.00|558.28|0.00|558.28|0.00|89797.63|0.00|0.00|0.00|0.00|0.00|0.00|0.00|0.00|0.00|1|
20231031|6343105|0.00|0.00|90548.43|0.00|90548.43|0.00|181096.86|0.00|0.00|0.00|0.00|0.00|0.00|0.00|0.00|0.00|1|
20231031|6343109|0.00|0.00|1662.23|0.00|1662.23|0.00|7682.80|0.00|0.00|0.00|0.00|0.00|0.00|0.00|0.00|0.00|1|
20231231|6393108|0.00|0.00|1935.66|967.83|1935.66|967.83|75805.20|0.00|0.00|0.00|0.00|0.00|0.00|0.00|0.00|0.00|1|
20231031|6393108|0.00|0.00|9730.71|0.00|9730.71|0.00|25268.40|0.00|0.00|0.00|0.00|0.00|0.00|0.00|0.00|0.00|1|
20231031|6393112|0.00|0.00|42.90|0.00|42.90|0.00|356.79|0.00|0.00|0.00|0.00|0.00|0.00|0.00|0.00|0.00|1|
20231031|6731101|0.00|0.00|267654.12|0.00|267654.12|0.00|635612.62|0.00|0.00|0.00|0.00|0.00|0.00|0.00|0.00|0.00|1|
20231231|6731101|0.00|0.00|25013.23|0.00|25013.23|0.00|317806.31|0.00|0.00|0.00|0.00|0.00|0.00|0.00|0.00|0.00|1|
20231231|6841101|0.00|0.00|32520.54|0.00|32520.54|0.00|1616859.96|0.00|0.00|0.00|0.00|0.00|0.00|0.00|0.00|0.00|1|
20231031|6561105|0.00|0.00|65780.97|0.00|65780.97|0.00|2238720.93|0.00|0.00|0.00|0.00|0.00|0.00|0.00|0.00|0.00|1|
20231130|6593112|0.00|0.00|18763.42|0.00|18763.42|0.00|405049.16|0.00|0.00|0.00|0.00|0.00|0.00|0.00|0.00|0.00|1|
20231031|7599103|0.00|0.00|0.00|26637.77|0.00|26637.77|0.00|0.00|0.00|0.00|0.00|0.00|0.00|26637.77|0.00|0.00|1|
20231130|1221203|0.00|0.00|299422.96|96179.90|299422.96|96179.90|156018552.56|0.00|0.00|0.00|203243.06|0.00|0.00|0.00|0.00|0.00|1|
20231031|6215101|0.00|0.00|793810.96|0.00|793810.96|0.00|39145228.55|0.00|0.00|0.00|0.00|0.00|0.00|0.00|0.00|0.00|1|
20231130|6215101|0.00|0.00|76987.59|0.00|76987.59|0.00|45493103.45|0.00|0.00|0.00|0.00|0.00|0.00|0.00|0.00|0.00|1|
20231231|6221109|0.00|0.00|420.00|0.00|420.00|0.00|12600.00|0.00|0.00|0.00|0.00|0.00|0.00|0.00|0.00|0.00|1|
20231130|1010101|0.00|0.00|868.10|868.10|868.10|868.10|0.00|0.00|0.00|0.00|0.00|0.00|0.00|0.00|0.00|0.00|1|
20231231|6273102|0.00|0.00|394.44|0.00|394.44|0.00|53610.00|0.00|0.00|0.00|0.00|0.00|0.00|0.00|0.00|0.00|1|
20231031|6329104|0.00|0.00|1872968.58|48239.34|1872968.58|48239.34|36925637.84|0.00|0.00|0.00|0.00|0.00|0.00|0.00|0.00|0.00|1|
20231130|1062105|0.00|0.00|352000.00|352000.00|352000.00|352000.00|0.00|0.00|0.00|0.00|0.00|0.00|0.00|0.00|0.00|0.00|1|
20231031|4699105|0.00|0.00|0.00|15876.46|0.00|15876.46|0.00|0.00|0.00|0.00|0.00|15876.46|0.00|0.00|0.00|0.00|1|
20231130|6371106|0.00|0.00|13953.20|0.00|13953.20|0.00|1448713.98|0.00|0.00|0.00|0.00|0.00|0.00|0.00|0.00|0.00|1|
20231130|6214102|0.00|0.00|3316.83|0.00|3316.83|0.00|486855.81|0.00|0.00|0.00|0.00|0.00|0.00|0.00|0.00|0.00|1|
20231231|6221101|0.00|0.00|2304.00|0.00|2304.00|0.00|25728.00|0.00|0.00|0.00|0.00|0.00|0.00|0.00|0.00|0.00|1|
20231130|6391101|0.00|0.00|717.92|0.00|717.92|0.00|54742.24|0.00|0.00|0.00|0.00|0.00|0.00|0.00|0.00|0.00|1|
20231231|6393109|0.00|0.00|61003.90|0.00|61003.90|0.00|1772008.83|0.00|0.00|0.00|0.00|0.00|0.00|0.00|0.00|0.00|1|
20231231|6271101|0.00|0.00|72776.10|0.00|72776.10|0.00|43602210.08|0.00|0.00|0.00|0.00|0.00|0.00|0.00|0.00|0.00|1|
20231130|6275102|0.00|0.00|5808.21|869.85|5808.21|869.85|116994.30|0.00|0.00|0.00|0.00|0.00|0.00|0.00|0.00|0.00|1|
20231130|6591102|0.00|0.00|43333.33|0.00|43333.33|0.00|519999.96|0.00|0.00|0.00|0.00|0.00|0.00|0.00|0.00|0.00|1|
20231031|6329102|0.00|0.00|4129.81|0.00|4129.81|0.00|23154.52|0.00|0.00|0.00|0.00|0.00|0.00|0.00|0.00|0.00|1|
20231031|7599101|0.00|0.00|129.00|426250.07|129.00|426250.07|0.00|0.00|0.00|0.00|0.00|0.00|0.00|426121.07|0.00|0.00|1|
20231231|7599101|0.00|0.00|0.00|30332.16|0.00|30332.16|0.00|0.00|0.00|0.00|0.00|0.00|0.00|30332.16|0.00|0.00|1|
20231130|6356103|0.00|0.00|16082.61|0.00|16082.61|0.00|221387.67|0.00|0.00|0.00|0.00|0.00|0.00|0.00|0.00|0.00|1|
20231231|6365101|0.00|0.00|2506.98|929.23|2506.98|929.23|424616.65|0.00|0.00|0.00|0.00|0.00|0.00|0.00|0.00|0.00|1|
20231231|6391103|0.00|0.00|67.34|46.88|67.34|46.88|7778.83|0.00|0.00|0.00|0.00|0.00|0.00|0.00|0.00|0.00|1|
20231130|6861201|0.00|0.00|374.08|0.00|374.08|0.00|4527.88|0.00|0.00|0.00|0.00|0.00|0.00|0.00|0.00|0.00|1|
20231130|6364106|0.00|0.00|8748.54|6343.54|8748.54|6343.54|710167.44|0.00|0.00|0.00|0.00|0.00|0.00|0.00|0.00|0.00|1|
20231031|6593107|0.00|0.00|16529.66|0.00|16529.66|0.00|16529.66|0.00|0.00|0.00|0.00|0.00|0.00|0.00|0.00|0.00|1|
20231031|7032111|0.00|0.00|153542.98|39412261.59|153542.98|39412261.59|0.00|0.00|0.00|0.00|0.00|0.00|0.00|39258718.61|0.00|0.00|1|
20231130|4699102|0.00|0.00|2250.00|0.00|2250.00|0.00|0.00|0.00|0.00|0.00|0.00|0.00|0.00|0.00|0.00|0.00|1|
20231031|6211103|0.00|0.00|228462.50|0.00|228462.50|0.00|3154825.00|0.00|0.00|0.00|0.00|0.00|0.00|0.00|0.00|0.00|1|
20231130|6211103|0.00|0.00|22450.00|0.00|22450.00|0.00|2208377.50|0.00|0.00|0.00|0.00|0.00|0.00|0.00|0.00|0.00|1|
20231031|6251102|0.00|0.00|388.00|0.00|388.00|0.00|3091.00|0.00|0.00|0.00|0.00|0.00|0.00|0.00|0.00|0.00|1|
20231130|6251104|0.00|0.00|2523.00|0.00|2523.00|0.00|30630.00|0.00|0.00|0.00|0.00|0.00|0.00|0.00|0.00|0.00|1|
20231231|6352104|0.00|0.00|37151.09|0.00|37151.09|0.00|28194017.28|0.00|0.00|0.00|0.00|0.00|0.00|0.00|0.00|0.00|1|
20231231|6356104|0.00|0.00|1876.65|0.00|1876.65|0.00|374770.44|0.00|0.00|0.00|0.00|0.00|0.00|0.00|0.00|0.00|1|
20231031|6841401|0.00|0.00|40489.77|0.00|40489.77|0.00|426013.49|0.00|0.00|0.00|0.00|0.00|0.00|0.00|0.00|0.00|1|
20231231|6841401|0.00|0.00|4021.96|0.00|4021.96|0.00|182577.21|0.00|0.00|0.00|0.00|0.00|0.00|0.00|0.00|0.00|1|
20231031|6322103|0.00|0.00|8713.18|0.00|8713.18|0.00|8713.18|0.00|0.00|0.00|0.00|0.00|0.00|0.00|0.00|0.00|1|
20231231|6343101|0.00|0.00|11714.16|0.00|11714.16|0.00|2629309.14|0.00|0.00|0.00|0.00|0.00|0.00|0.00|0.00|0.00|1|
20231130|1891102|0.00|0.00|3649.86|15259.51|3649.86|15259.51|870186.20|0.00|0.00|0.00|0.00|0.00|0.00|0.00|0.00|0.00|1|
20231231|1891102|0.00|0.00|13511.86|20398.64|13511.86|20398.64|1137935.80|0.00|0.00|0.00|0.00|0.00|0.00|0.00|0.00|0.00|1|
20231130|6393110|0.00|0.00|3299.17|0.00|3299.17|0.00|452538.84|0.00|0.00|0.00|0.00|0.00|0.00|0.00|0.00|0.00|1|
20231130|4115101|0.00|0.00|41951.72|75683.15|41951.72|75683.15|0.00|0.00|0.00|0.00|0.00|33731.43|0.00|0.00|0.00|0.00|1|
20231130|4171104|0.00|0.00|16280.25|16280.25|16280.25|16280.25|0.00|0.00|0.00|0.00|0.00|0.00|0.00|0.00|0.00|0.00|1|
20231231|6511102|0.00|0.00|2069.27|0.00|2069.27|0.00|735117.48|0.00|0.00|0.00|0.00|0.00|0.00|0.00|0.00|0.00|1|
20231231|6541101|0.00|0.00|62552.23|0.00|62552.23|0.00|117222625.90|0.00|0.00|0.00|0.00|0.00|0.00|0.00|0.00|0.00|1|
20231231|6561106|0.00|0.00|2021.00|0.00|2021.00|0.00|360557.88|0.00|0.00|0.00|0.00|0.00|0.00|0.00|0.00|0.00|1|
20231031|1211101|0.00|0.00|824601.26|0.00|824601.26|0.00|63363493.60|0.00|0.00|0.00|824601.26|0.00|0.00|0.00|0.00|0.00|1|
20231130|4241201|0.00|0.00|0.00|1375.96|0.00|1375.96|0.00|0.00|0.00|0.00|0.00|1375.96|0.00|0.00|0.00|0.00|1|
20231031|1413101|0.00|0.00|4550.00|0.00|4550.00|0.00|18400.00|0.00|0.00|0.00|4550.00|0.00|0.00|0.00|0.00|0.00|1|
20231031|1629101|0.00|0.00|133735.59|0.00|133735.59|0.00|134287.67|0.00|0.00|0.00|133735.59|0.00|0.00|0.00|0.00|0.00|1|
20231031|4221201|0.00|0.00|40525.82|0.00|40525.82|0.00|137102.00|0.00|0.00|0.00|0.00|0.00|0.00|0.00|0.00|0.00|1|
20231231|1811101|0.00|0.00|0.00|25013.23|0.00|25013.23|1836539.61|0.00|0.00|0.00|0.00|0.00|0.00|0.00|0.00|0.00|1|
20231031|6214101|0.00|0.00|1578764.85|0.00|1578764.85|0.00|80220623.52|0.00|0.00|0.00|0.00|0.00|0.00|0.00|0.00|0.00|1|
20231031|6311101|0.00|0.00|6870.78|0.00|6870.78|0.00|121646.16|0.00|0.00|0.00|0.00|0.00|0.00|0.00|0.00|0.00|1|
20231130|6313101|0.00|0.00|8738.13|0.00|8738.13|0.00|4276316.68|0.00|0.00|0.00|0.00|0.00|0.00|0.00|0.00|0.00|1|
20231130|7032121|0.00|0.00|1526463.87|1375164.08|1526463.87|1375164.08|0.00|0.00|0.00|0.00|0.00|0.00|0.00|0.00|0.00|0.00|1|
20231231|7032121|0.00|0.00|1414610.03|1366341.15|1414610.03|1366341.15|0.00|0.00|0.00|0.00|0.00|0.00|0.00|0.00|0.00|0.00|1|
20231031|1221101|0.00|0.00|0.00|114500.00|0.00|114500.00|0.00|0.00|0.00|0.00|0.00|0.00|0.00|0.00|0.00|0.00|1|
20231130|6561102|0.00|0.00|11419.73|8375.32|11419.73|8375.32|7093293.86|0.00|0.00|0.00|0.00|0.00|0.00|0.00|0.00|0.00|1|
20231031|1041101|0.00|0.00|827332.83|0.00|827332.83|0.00|0.00|0.00|0.00|0.00|827332.83|0.00|0.00|0.00|0.00|0.00|1|
20231031|1061102|0.00|0.00|43904.67|0.00|43904.67|0.00|169397.79|0.00|0.00|0.00|43904.67|0.00|0.00|0.00|0.00|0.00|1|
20231130|4699108|0.00|0.00|7010.30|15866.31|7010.30|15866.31|0.00|0.00|0.00|0.00|0.00|8856.01|0.00|0.00|0.00|0.00|1|
20231231|6393117|0.00|0.00|567759.68|225413.39|567759.68|225413.39|21076711.92|0.00|0.00|0.00|0.00|0.00|0.00|0.00|0.00|0.00|1|
20231130|4221103|0.00|0.00|153373.49|153373.49|153373.49|153373.49|0.00|0.00|0.00|0.00|0.00|0.00|0.00|0.00|0.00|0.00|1|
20231130|4011401|0.00|0.00|1904.00|797.62|1904.00|797.62|0.00|0.00|0.00|0.00|0.00|0.00|0.00|0.00|0.00|0.00|1|
20231031|3491101|0.00|0.00|1142513.39|0.00|1142513.39|0.00|1142513.39|0.00|0.00|0.00|1142513.39|0.00|0.00|0.00|0.00|0.00|1|
20231130|4031101|0.00|0.00|67908.00|68593.22|67908.00|68593.22|0.00|0.00|0.00|0.00|0.00|685.22|0.00|0.00|0.00|0.00|1|
20231130|4011102|0.00|0.00|60342.65|603117.11|60342.65|603117.11|0.00|0.00|0.00|0.00|0.00|542774.46|0.00|0.00|0.00|0.00|1|
20231130|4211103|0.00|0.00|483453.50|477320.40|483453.50|477320.40|0.00|0.00|0.00|0.00|0.00|0.00|0.00|0.00|0.00|0.00|1|
20231130|1821105|0.00|0.00|0.00|5808.21|0.00|5808.21|29041.02|0.00|0.00|0.00|0.00|0.00|0.00|0.00|0.00|0.00|1|
20231031|7599108|0.00|0.00|120.00|43541.81|120.00|43541.81|0.00|0.00|0.00|0.00|0.00|0.00|0.00|43421.81|0.00|0.00|1|
20231031|7599104|0.00|0.00|6506.00|4574.99|6506.00|4574.99|23238.52|0.00|0.00|0.00|0.00|0.00|0.00|0.00|0.00|0.00|1|
20231231|7599104|0.00|0.00|42984.34|50972.00|42984.34|50972.00|34857.78|0.00|0.00|0.00|0.00|0.00|0.00|7987.66|0.00|0.00|1|
20231031|6593101|0.00|0.00|1312.13|1094.57|1312.13|1094.57|37410.58|0.00|0.00|0.00|0.00|0.00|0.00|0.00|0.00|0.00|1|
20231130|3961901|0.00|0.00|0.00|9520.94|0.00|9520.94|0.00|0.00|0.00|0.00|9520.94|0.00|0.00|0.00|0.00|0.00|1|
20231031|3412101|0.00|0.00|172176.39|0.00|172176.39|0.00|179388.85|0.00|0.00|0.00|172176.39|0.00|0.00|0.00|0.00|0.00|1|
20231031|3422101|0.00|0.00|44018.34|0.00|44018.34|0.00|45086.63|0.00|0.00|0.00|44018.34|0.00|0.00|0.00|0.00|0.00|1|
20231231|3422101|0.00|0.00|1068.29|0.00|1068.29|0.00|90173.26|0.00|0.00|0.00|1068.29|0.00|0.00|0.00|0.00|0.00|1|
20231130|4032101|0.00|0.00|1852.45|1992.54|1852.45|1992.54|0.42|0.00|0.00|0.00|0.00|140.09|0.00|0.00|0.00|0.00|1|
20231031|4111101|0.00|0.00|0.00|39656.73|0.00|39656.73|5178.14|0.00|0.00|0.00|0.00|39656.73|0.00|0.00|0.00|0.00|1|
20231031|3952601|0.00|0.00|0.00|126070.97|0.00|126070.97|0.00|0.00|0.00|0.00|126070.97|0.00|0.00|0.00|0.00|0.00|1|
20231130|4114101|0.00|0.00|8103.45|145966.96|8103.45|145966.96|0.00|0.00|0.00|0.00|0.00|137863.51|0.00|0.00|0.00|0.00|1|
20231231|1891103|0.00|0.00|43238.75|43238.75|43238.75|43238.75|0.00|0.00|0.00|0.00|0.00|0.00|0.00|0.00|0.00|0.00|1|
20231031|6314101|0.00|0.00|75134.61|0.00|75134.61|0.00|2364892.89|0.00|0.00|0.00|0.00|0.00|0.00|0.00|0.00|0.00|1|
20231231|6371105|0.00|0.00|300.00|0.00|300.00|0.00|69979.97|0.00|0.00|0.00|0.00|0.00|0.00|0.00|0.00|0.00|1|
20231130|6861101|0.00|0.00|935.94|0.00|935.94|0.00|74582.60|0.00|0.00|0.00|0.00|0.00|0.00|0.00|0.00|0.00|1|
20231231|6861101|0.00|0.00|1545.84|0.00|1545.84|0.00|89499.12|0.00|0.00|0.00|0.00|0.00|0.00|0.00|0.00|0.00|1|
20231231|6561105|0.00|0.00|7998.50|0.00|7998.50|0.00|663324.72|0.00|0.00|0.00|0.00|0.00|0.00|0.00|0.00|0.00|1|
20231231|6861901|0.00|0.00|12185.74|0.00|12185.74|0.00|892027.80|0.00|0.00|0.00|0.00|0.00|0.00|0.00|0.00|0.00|1|
20231031|1041201|0.00|0.00|416119.79|0.00|416119.79|0.00|298463.71|0.00|0.00|0.00|416119.79|0.00|0.00|0.00|0.00|0.00|1|
20231130|1062202|0.00|0.00|23299.15|135180.68|23299.15|135180.68|10557524.90|0.00|0.00|0.00|0.00|0.00|0.00|0.00|0.00|0.00|1|
20231231|7599107|0.00|0.00|0.00|42934.35|0.00|42934.35|0.00|0.00|0.00|0.00|0.00|0.00|0.00|42934.35|0.00|0.00|1|
20231231|1221201|0.00|0.00|262.05|6006.41|262.05|6006.41|0.00|0.00|0.00|0.00|0.00|0.00|0.00|0.00|0.00|0.00|1|
20231130|6343108|0.00|0.00|2745.53|0.00|2745.53|0.00|129556.89|0.00|0.00|0.00|0.00|0.00|0.00|0.00|0.00|0.00|1|
20231031|6371106|0.00|0.00|130367.60|0.00|130367.60|0.00|965809.32|0.00|0.00|0.00|0.00|0.00|0.00|0.00|0.00|0.00|1|
20231130|6221101|0.00|0.00|2592.00|0.00|2592.00|0.00|25728.00|0.00|0.00|0.00|0.00|0.00|0.00|0.00|0.00|0.00|1|
20231031|6393115|0.00|0.00|1043282.94|61806.16|1043282.94|61806.16|37484331.50|0.00|0.00|0.00|0.00|0.00|0.00|0.00|0.00|0.00|1|
20231031|6221107|0.00|0.00|2333.33|0.00|2333.33|0.00|2333.33|0.00|0.00|0.00|0.00|0.00|0.00|0.00|0.00|0.00|1|
20231031|6231101|0.00|0.00|135601.51|0.00|135601.51|0.00|1124718.60|0.00|0.00|0.00|0.00|0.00|0.00|0.00|0.00|0.00|1|
20231031|6275102|0.00|0.00|48620.43|0.00|48620.43|0.00|58497.15|0.00|0.00|0.00|0.00|0.00|0.00|0.00|0.00|0.00|1|
20231031|6593102|0.00|0.00|7818.62|0.00|7818.62|0.00|85939.86|0.00|0.00|0.00|0.00|0.00|0.00|0.00|0.00|0.00|1|
20231031|7599105|0.00|0.00|0.00|214100.00|0.00|214100.00|0.00|0.00|0.00|0.00|0.00|0.00|0.00|214100.00|0.00|0.00|1|
20231130|6365101|0.00|0.00|7577.39|850.01|7577.39|850.01|1498647.00|0.00|0.00|0.00|0.00|0.00|0.00|0.00|0.00|0.00|1|
20231031|6365101|0.00|0.00|13802.86|0.00|13802.86|0.00|324706.85|0.00|0.00|0.00|0.00|0.00|0.00|0.00|0.00|0.00|1|
20231031|6391103|0.00|0.00|217.73|0.00|217.73|0.00|2029.26|0.00|0.00|0.00|0.00|0.00|0.00|0.00|0.00|0.00|1|
20231130|6321103|0.00|0.00|35116.50|0.00|35116.50|0.00|238977.00|0.00|0.00|0.00|0.00|0.00|0.00|0.00|0.00|0.00|1|
20231031|6593104|0.00|0.00|40824.11|0.00|40824.11|0.00|2118570.88|0.00|0.00|0.00|0.00|0.00|0.00|0.00|0.00|0.00|1|
20231130|6412101|0.00|0.00|388.24|0.10|388.24|0.10|898273.45|0.00|0.00|0.00|0.00|0.00|0.00|0.00|0.00|0.00|1|
20231031|6231102|0.00|0.00|0.00|1500.00|0.00|1500.00|36300.00|0.00|0.00|0.00|0.00|0.00|1500.00|0.00|0.00|0.00|1|
20231231|6251102|0.00|0.00|213.00|0.00|213.00|0.00|6182.00|0.00|0.00|0.00|0.00|0.00|0.00|0.00|0.00|0.00|1|
20231130|6311201|0.00|0.00|22247.01|5834.75|22247.01|5834.75|44812421.19|0.00|0.00|0.00|0.00|0.00|0.00|0.00|0.00|0.00|1|
20231130|6364101|0.00|0.00|7803.20|6487.98|7803.20|6487.98|6336605.80|0.00|0.00|0.00|0.00|0.00|0.00|0.00|0.00|0.00|1|
20231231|6364101|0.00|0.00|12000.10|6177.05|12000.10|6177.05|8261650.60|0.00|0.00|0.00|0.00|0.00|0.00|0.00|0.00|0.00|1|
20231031|6364101|0.00|0.00|67433.86|0.00|67433.86|0.00|3128197.80|0.00|0.00|0.00|0.00|0.00|0.00|0.00|0.00|0.00|1|
20231231|6327104|0.00|0.00|12000.00|6000.00|12000.00|6000.00|246000.00|0.00|0.00|0.00|0.00|0.00|0.00|0.00|0.00|0.00|1|
20231031|6343107|0.00|0.00|70.00|0.00|70.00|0.00|1304.07|0.00|0.00|0.00|0.00|0.00|0.00|0.00|0.00|0.00|1|
20231231|6344105|0.00|0.00|1499.35|0.00|1499.35|0.00|18116.53|0.00|0.00|0.00|0.00|0.00|0.00|0.00|0.00|0.00|1|
20231231|6361101|0.00|0.00|32177.05|18326.23|32177.05|18326.23|1579727.92|0.00|0.00|0.00|0.00|0.00|0.00|0.00|0.00|0.00|1|
20231231|6363101|0.00|0.00|1520.63|1520.63|1520.63|1520.63|27185.42|0.00|0.00|0.00|0.00|0.00|0.00|0.00|0.00|0.00|1|
20231130|3961201|0.00|0.00|0.00|374.08|0.00|374.08|0.00|0.00|0.00|0.00|374.08|0.00|0.00|0.00|0.00|0.00|1|
20231130|6391102|0.00|0.00|2506.18|1221.18|2506.18|1221.18|9454570.02|0.00|0.00|0.00|0.00|0.00|0.00|0.00|0.00|0.00|1|
20231031|6393106|0.00|0.00|1146383.39|0.00|1146383.39|0.00|1393014.83|0.00|0.00|0.00|0.00|0.00|0.00|0.00|0.00|0.00|1|
20231231|6393110|0.00|0.00|5495.30|0.00|5495.30|0.00|226269.42|0.00|0.00|0.00|0.00|0.00|0.00|0.00|0.00|0.00|1|
20231031|6393114|0.00|0.00|3084074.28|0.00|3084074.28|0.00|30903041.20|0.00|0.00|0.00|0.00|0.00|0.00|0.00|0.00|0.00|1|
20231231|6431101|0.00|0.00|2887.15|0.00|2887.15|0.00|50916.14|0.00|0.00|0.00|0.00|0.00|0.00|0.00|0.00|0.00|1|
20231031|6541101|0.00|0.00|610530.50|0.01|610530.50|0.01|52832732.80|0.00|0.00|0.00|0.00|0.00|0.00|0.00|0.00|0.00|1|
20231031|6551401|0.00|0.00|2501.14|0.00|2501.14|0.00|10004.56|0.00|0.00|0.00|0.00|0.00|0.00|0.00|0.00|0.00|1|
20231231|1211101|0.00|0.00|476764.73|566650.38|476764.73|566650.38|104261748.56|0.00|0.00|0.00|0.00|0.00|0.00|0.00|0.00|0.00|1|
20231231|6591101|0.00|0.00|633077.81|0.00|633077.81|0.00|41258040.33|0.00|0.00|0.00|0.00|0.00|0.00|0.00|0.00|0.00|1|
20231130|1413101|0.00|0.00|17228.18|9603.74|17228.18|9603.74|142600.00|0.00|0.00|0.00|7624.44|0.00|0.00|0.00|0.00|0.00|1|
20231231|4891101|0.00|0.00|0.00|43333.37|0.00|43333.37|0.00|0.00|0.00|0.00|0.00|43333.37|0.00|0.00|0.00|0.00|1|
20231231|6761101|0.00|0.00|377975.40|60930.82|377975.40|60930.82|316985466.00|0.00|0.00|0.00|0.00|0.00|0.00|0.00|0.00|0.00|1|
20231031|5912101|0.00|0.00|0.00|2643579.28|0.00|2643579.28|0.00|0.00|0.00|0.00|0.00|2643579.28|0.00|0.00|0.00|0.00|1|
20231130|1821101|0.00|0.00|0.00|2368.89|0.00|2368.89|126688.01|0.00|0.00|0.00|0.00|0.00|0.00|0.00|0.00|0.00|1|
20231231|1821107|0.00|0.00|32521.91|2710.18|32521.91|2710.18|3279290.30|0.00|0.00|0.00|29811.73|0.00|0.00|0.00|0.00|0.00|1|
20231231|1891202|0.00|0.00|47607.83|63385.86|47607.83|63385.86|33255848.60|0.00|0.00|0.00|0.00|0.00|0.00|0.00|0.00|0.00|1|
20231031|4511111|0.00|0.00|0.00|6099598.86|0.00|6099598.86|0.00|0.00|0.00|0.00|0.00|6099598.86|0.00|0.00|0.00|0.00|1|
20231130|1041202|0.00|0.00|467316.78|343064.25|467316.78|343064.25|31484118.72|0.00|0.00|0.00|124252.53|0.00|0.00|0.00|0.00|0.00|1|
20231130|1061202|0.00|0.00|1215780.05|1009141.62|1215780.05|1009141.62|27808904.76|0.00|0.00|0.00|206638.43|0.00|0.00|0.00|0.00|0.00|1|
20231130|1061102|0.00|0.00|733167.23|391087.17|733167.23|391087.17|2371569.06|0.00|0.00|0.00|342080.06|0.00|0.00|0.00|0.00|0.00|1|
20231031|3023102|0.00|0.00|3441.64|0.00|3441.64|0.00|3441.64|0.00|0.00|0.00|3441.64|0.00|0.00|0.00|0.00|0.00|1|
20231031|4699108|0.00|0.00|0.00|6857.55|0.00|6857.55|0.00|0.00|0.00|0.00|0.00|6857.55|0.00|0.00|0.00|0.00|1|
20231130||0.00|0.00|322765.55|323146.66|322765.55|323146.66|0.00|0.00|0.00|0.00|0.00|0.00|0.00|0.00|0.00|0.00|1|
20231130|4017301|0.00|0.00|134754.05|140434.28|134754.05|140434.28|0.00|0.00|0.00|0.00|0.00|5680.23|0.00|0.00|0.00|0.00|1|
20231130|4151101|0.00|0.00|584067.71|102507.02|584067.71|102507.02|0.00|0.00|0.00|0.00|0.00|0.00|0.00|0.00|0.00|0.00|1|
20231031|3431101|0.00|0.00|2537379.19|0.00|2537379.19|0.00|2715698.14|0.00|0.00|0.00|2537379.19|0.00|0.00|0.00|0.00|0.00|1|
20231231|3431101|0.00|0.00|56736.37|14634.54|56736.37|14634.54|16294188.84|0.00|0.00|0.00|42101.83|0.00|0.00|0.00|0.00|0.00|1|
20231231|6593101|0.00|0.00|59.31|1.67|59.31|1.67|175053.28|0.00|0.00|0.00|0.00|0.00|0.00|0.00|0.00|0.00|1|
20230531|6593101|0.00|0.00|0.01|0.00|0.01|0.00|352.93|0.00|0.00|0.00|0.00|0.00|0.00|0.00|0.00|0.00|1|
20231130|1419101|0.00|0.00|2784.96|2699.60|2784.96|2699.60|28891.40|0.00|0.00|0.00|85.36|0.00|0.00|0.00|0.00|0.00|1|
20231231|1419101|0.00|0.00|2699.60|2754.39|2699.60|2754.39|28891.40|0.00|0.00|0.00|0.00|0.00|0.00|0.00|0.00|0.00|1|
20231031|3361101|0.00|0.00|797779.04|0.00|797779.04|0.00|912629.92|0.00|0.00|0.00|797779.04|0.00|0.00|0.00|0.00|0.00|1|
20231031|3952701|0.00|0.00|0.00|684839.79|0.00|684839.79|0.00|0.00|0.00|0.00|684839.79|0.00|0.00|0.00|0.00|0.00|1|
20231130|4961101|0.00|0.00|1239602.20|91818.87|1239602.20|91818.87|0.00|0.00|0.00|0.00|0.00|0.00|0.00|0.00|0.00|0.00|1|
20231130|4212101|0.00|0.00|1444490.93|1550009.80|1444490.93|1550009.80|0.00|0.00|0.00|0.00|0.00|105518.87|0.00|0.00|0.00|0.00|1|
20231130|4699101|0.00|0.00|1095.67|1095.67|1095.67|1095.67|0.00|0.00|0.00|0.00|0.00|0.00|0.00|0.00|0.00|0.00|1|
20231231|4699101|0.00|0.00|2733.12|2733.12|2733.12|2733.12|0.00|0.00|0.00|0.00|0.00|0.00|0.00|0.00|0.00|0.00|1|
20231231|6221102|0.00|0.00|62740.52|0.00|62740.52|0.00|1402627.30|0.00|0.00|0.00|0.00|0.00|0.00|0.00|0.00|0.00|1|
20231031|6221106|0.00|0.00|19505.49|0.00|19505.49|0.00|73127.01|0.00|0.00|0.00|0.00|0.00|0.00|0.00|0.00|0.00|1|
20231231|6273101|0.00|0.00|558.28|0.00|558.28|0.00|89797.63|0.00|0.00|0.00|0.00|0.00|0.00|0.00|0.00|0.00|1|
20231231|6312101|0.00|0.00|4093.42|1393.00|4093.42|1393.00|1864172.70|0.00|0.00|0.00|0.00|0.00|0.00|0.00|0.00|0.00|1|
20231031|6322101|0.00|0.00|111113.35|0.00|111113.35|0.00|111113.35|0.00|0.00|0.00|0.00|0.00|0.00|0.00|0.00|0.00|1|
20231031|6329105|0.00|0.00|7648.00|0.00|7648.00|0.00|20348.00|0.00|0.00|0.00|0.00|0.00|0.00|0.00|0.00|0.00|1|
20231031|6371105|0.00|0.00|62254.77|9434.00|62254.77|9434.00|699799.70|0.00|0.00|0.00|0.00|0.00|0.00|0.00|0.00|0.00|1|
20231130|6731101|0.00|0.00|25138.96|0.00|25138.96|0.00|317806.31|0.00|0.00|0.00|0.00|0.00|0.00|0.00|0.00|0.00|1|
20231231|6561101|0.00|0.00|7852.27|0.00|7852.27|0.00|820059.00|0.00|0.00|0.00|0.00|0.00|0.00|0.00|0.00|0.00|1|
20231031|6861301|0.00|0.00|108554.03|0.00|108554.03|0.00|1563020.40|0.00|0.00|0.00|0.00|0.00|0.00|0.00|0.00|0.00|1|
20231031|1061101|0.00|0.00|963864.42|0.00|963864.42|0.00|601.80|0.00|0.00|0.00|963864.42|0.00|0.00|0.00|0.00|0.00|1|
20231130|1041201|0.00|0.00|1222215.17|1284940.25|1222215.17|1284940.25|93717604.94|0.00|0.00|0.00|0.00|0.00|0.00|0.00|0.00|0.00|1|
20231031|1062202|0.00|0.00|5231482.84|0.00|5231482.84|0.00|5278762.45|0.00|0.00|0.00|5231482.84|0.00|0.00|0.00|0.00|0.00|1|
20231231|6211102|0.00|0.00|16809.02|0.00|16809.02|0.00|2932102.13|0.00|0.00|0.00|0.00|0.00|0.00|0.00|0.00|0.00|1|
20231130|6221103|0.00|0.00|4760.00|0.00|4760.00|0.00|384044.22|0.00|0.00|0.00|0.00|0.00|0.00|0.00|0.00|0.00|1|
20231130|1062103|0.00|0.00|3300000.00|3300000.00|3300000.00|3300000.00|2800000.00|0.00|0.00|0.00|0.00|0.00|0.00|0.00|0.00|0.00|1|
20231031|6273102|0.00|0.00|5912.37|0.00|5912.37|0.00|120622.50|0.00|0.00|0.00|0.00|0.00|0.00|0.00|0.00|0.00|1|
20231031|6343102|0.00|0.00|649.86|0.00|649.86|0.00|1984.86|0.00|0.00|0.00|0.00|0.00|0.00|0.00|0.00|0.00|1|
20231031|4699107|0.00|0.00|0.00|1631.00|0.00|1631.00|0.00|0.00|0.00|0.00|0.00|1631.00|0.00|0.00|0.00|0.00|1|
20231130|6593116|0.00|0.00|15683.67|0.00|15683.67|0.00|66063.34|0.00|0.00|0.00|0.00|0.00|0.00|0.00|0.00|0.00|1|
20231231|6593116|0.00|0.00|8799.00|0.00|8799.00|0.00|66063.34|0.00|0.00|0.00|0.00|0.00|0.00|0.00|0.00|0.00|1|
20231031|6393109|0.00|0.00|431032.21|0.00|431032.21|0.00|3544017.66|0.00|0.00|0.00|0.00|0.00|0.00|0.00|0.00|0.00|1|
20231031|6271101|0.00|0.00|743607.97|0.00|743607.97|0.00|36665494.84|0.00|0.00|0.00|0.00|0.00|0.00|0.00|0.00|0.00|1|
20231031|1699102|0.00|0.00|2730.07|0.00|2730.07|0.00|16654.22|0.00|0.00|0.00|2730.07|0.00|0.00|0.00|0.00|0.00|1|
20231231|6591102|0.00|0.00|43333.33|0.00|43333.33|0.00|519999.96|0.00|0.00|0.00|0.00|0.00|0.00|0.00|0.00|0.00|1|
20231130|7599101|0.00|0.00|0.00|34138.89|0.00|34138.89|0.00|0.00|0.00|0.00|0.00|0.00|0.00|34138.89|0.00|0.00|1|
20231130|7721101|0.00|0.00|0.00|54322.91|0.00|54322.91|0.00|0.00|0.00|0.00|0.00|0.00|0.00|54322.91|0.00|0.00|1|
20231031|6355101|0.00|0.00|580.00|0.00|580.00|0.00|1160.00|0.00|0.00|0.00|0.00|0.00|0.00|0.00|0.00|0.00|1|
20231031|6356103|0.00|0.00|189653.61|0.00|189653.61|0.00|442775.34|0.00|0.00|0.00|0.00|0.00|0.00|0.00|0.00|0.00|1|
20231031|6368101|0.00|0.00|3568465.53|0.00|3568465.53|0.00|27677461.38|0.00|0.00|0.00|0.00|0.00|0.00|0.00|0.00|0.00|1|
20231231|6371104|0.00|0.00|849.99|0.00|849.99|0.00|108406.31|0.00|0.00|0.00|0.00|0.00|0.00|0.00|0.00|0.00|1|
20231130|6391103|0.00|0.00|50.47|47.03|50.47|47.03|6425.99|0.00|0.00|0.00|0.00|0.00|0.00|0.00|0.00|0.00|1|
20231130|6531102|0.00|0.00|3868.51|0.00|3868.51|0.00|194933.36|0.00|0.00|0.00|0.00|0.00|0.00|0.00|0.00|0.00|1|
20231130|6561103|0.00|0.00|8670.80|0.00|8670.80|0.00|44164.62|0.00|0.00|0.00|0.00|0.00|0.00|0.00|0.00|0.00|1|
20231231|6593104|0.00|0.00|89980.28|0.00|89980.28|0.00|2515802.92|0.00|0.00|0.00|0.00|0.00|0.00|0.00|0.00|0.00|1|
20231031|6412101|0.00|0.00|4268.32|0.00|4268.32|0.00|34111.65|0.00|0.00|0.00|0.00|0.00|0.00|0.00|0.00|0.00|1|
20231031|5221102|0.00|0.00|0.00|277054.14|0.00|277054.14|0.00|0.00|0.00|0.00|0.00|277054.14|0.00|0.00|0.00|0.00|1|
20231231|6311201|0.00|0.00|46729.18|6440.06|46729.18|6440.06|128184367.59|0.00|0.00|0.00|0.00|0.00|0.00|0.00|0.00|0.00|1|
20231231|6323101|0.00|0.00|23000.00|0.00|23000.00|0.00|224000.00|0.00|0.00|0.00|0.00|0.00|0.00|0.00|0.00|0.00|1|
20231031|6344109|0.00|0.00|194401.20|0.00|194401.20|0.00|467280.68|0.00|0.00|0.00|0.00|0.00|0.00|0.00|0.00|0.00|1|
20231130|6841401|0.00|0.00|4021.96|0.00|4021.96|0.00|182577.21|0.00|0.00|0.00|0.00|0.00|0.00|0.00|0.00|0.00|1|
20231130|6327104|0.00|0.00|6000.00|0.00|6000.00|0.00|82000.00|0.00|0.00|0.00|0.00|0.00|0.00|0.00|0.00|0.00|1|
20231031|1911101|0.00|0.00|0.00|128890.12|0.00|128890.12|0.00|0.00|0.00|0.00|128890.12|0.00|0.00|0.00|0.00|0.00|1|
20231031|6344105|0.00|0.00|15108.14|0.00|15108.14|0.00|18116.53|0.00|0.00|0.00|0.00|0.00|0.00|0.00|0.00|0.00|1|
20231031|3961201|0.00|0.00|0.00|8330.95|0.00|8330.95|0.00|0.00|0.00|0.00|8330.95|0.00|0.00|0.00|0.00|0.00|1|
20231231|1213101|0.00|0.00|1459635.47|2118480.11|1459635.47|2118480.11|2281892686.04|0.00|0.00|0.00|0.00|0.00|0.00|0.00|0.00|0.00|1|
20231130|6431101|0.00|0.00|5774.31|0.00|5774.31|0.00|101832.28|0.00|0.00|0.00|0.00|0.00|0.00|0.00|0.00|0.00|1|
20231031|6593103|0.00|0.00|810368.40|0.00|810368.40|0.00|34926228.68|0.00|0.00|0.00|0.00|0.00|0.00|0.00|0.00|0.00|1|
20231031|1291201|0.00|0.00|0.00|1249.80|0.00|1249.80|37.52|0.00|0.00|0.00|0.00|0.00|0.00|0.00|0.00|0.00|1|
20231130|1291201|0.00|0.00|868.10|1264.43|868.10|1264.43|75.04|0.00|0.00|0.00|0.00|0.00|0.00|0.00|0.00|0.00|1|
20231231|1411101|0.00|0.00|8069.43|8172.77|8069.43|8172.77|411836.16|0.00|0.00|0.00|0.00|0.00|0.00|0.00|0.00|0.00|1|
20231031|1624101|0.00|0.00|118.00|0.00|118.00|0.00|642.00|0.00|0.00|0.00|118.00|0.00|0.00|0.00|0.00|0.00|1|
20231031|6841501|0.00|0.00|150997.04|0.00|150997.04|0.00|5083818.80|0.00|0.00|0.00|0.00|0.00|0.00|0.00|0.00|0.00|1|
20231031|7761101|0.00|0.00|1213353.73|1806019.26|1213353.73|1806019.26|0.00|0.00|0.00|0.00|0.00|0.00|0.00|592665.53|0.00|0.00|1|
20231031|1821101|0.00|0.00|11167.44|0.00|11167.44|0.00|120020.22|0.00|0.00|0.00|11167.44|0.00|0.00|0.00|0.00|0.00|1|
20231130|1891202|0.00|0.00|6787.00|59082.59|6787.00|59082.59|31879744.52|0.00|0.00|0.00|0.00|0.00|0.00|0.00|0.00|0.00|1|
20231231|1041202|0.00|0.00|1284742.88|1462962.38|1284742.88|1462962.38|35902942.40|0.00|0.00|0.00|0.00|0.00|0.00|0.00|0.00|0.00|1|
20231031|1061202|0.00|0.00|1007693.18|0.00|1007693.18|0.00|1324233.56|0.00|0.00|0.00|1007693.18|0.00|0.00|0.00|0.00|0.00|1|
20231031|1062104|0.00|0.00|1861059.63|0.00|1861059.63|0.00|1888874.92|0.00|0.00|0.00|1861059.63|0.00|0.00|0.00|0.00|0.00|1|
20231231|1062104|0.00|0.00|14187.20|0.00|14187.20|0.00|1888874.92|0.00|0.00|0.00|14187.20|0.00|0.00|0.00|0.00|0.00|1|
20231130|1062201|0.00|0.00|2443350.00|2443350.00|2443350.00|2443350.00|0.00|0.00|0.00|0.00|0.00|0.00|0.00|0.00|0.00|0.00|1|
20231031|4699104|0.00|0.00|0.00|61.47|0.00|61.47|0.00|0.00|0.00|0.00|0.00|61.47|0.00|0.00|0.00|0.00|1|
20231231|4699106|0.00|0.00|51511.59|12487.63|51511.59|12487.63|0.00|0.00|0.00|0.00|0.00|0.00|0.00|0.00|0.00|0.00|1|
20231130|6393117|0.00|0.00|620657.02|280085.49|620657.02|280085.49|20118679.56|0.00|0.00|0.00|0.00|0.00|0.00|0.00|0.00|0.00|1|
20231231|4011401|0.00|0.00|798.00|1504.82|798.00|1504.82|0.00|0.00|0.00|0.00|0.00|706.82|0.00|0.00|0.00|0.00|1|
20231231|3961301|0.00|0.00|0.00|23158.14|0.00|23158.14|0.00|0.00|0.00|0.00|23158.14|0.00|0.00|0.00|0.00|0.00|1|
20231130|4017401|0.00|0.00|10173.00|8661.29|10173.00|8661.29|0.00|0.00|0.00|0.00|0.00|0.00|0.00|0.00|0.00|0.00|1|
20231130|3200|0.00|0.00|0.18|0.00|0.18|0.00|0.00|0.00|0.00|0.00|0.18|0.00|0.00|0.00|0.00|0.00|1|
20231031|7599102|0.00|0.00|0.00|205.03|0.00|205.03|0.00|0.00|0.00|0.00|0.00|0.00|0.00|205.03|0.00|0.00|1|
20231130|6531101|0.00|0.00|57159.20|0.00|57159.20|0.00|3574484.58|0.00|0.00|0.00|0.00|0.00|0.00|0.00|0.00|0.00|1|
20231031|1221202|0.00|0.00|0.00|215046.06|0.00|215046.06|0.00|0.00|0.00|0.00|0.00|0.00|0.00|0.00|0.00|0.00|1|
20231130|4221101|0.00|0.00|24281.76|27227.61|24281.76|27227.61|522155.43|0.00|0.00|0.00|0.00|2945.85|0.00|0.00|0.00|0.00|1|
20231031|4221101|0.00|0.00|33556.21|0.00|33556.21|0.00|544857.84|0.00|0.00|0.00|0.00|0.00|0.00|0.00|0.00|0.00|1|
20231031|3952101|0.00|0.00|0.00|760589.67|0.00|760589.67|0.00|0.00|0.00|0.00|760589.67|0.00|0.00|0.00|0.00|0.00|1|
20231130|3952701|0.00|0.00|0.00|5524.25|0.00|5524.25|0.00|0.00|0.00|0.00|5524.25|0.00|0.00|0.00|0.00|0.00|1|
20231231|3412101|0.00|0.00|7420.37|0.00|7420.37|0.00|538166.55|0.00|0.00|0.00|7420.37|0.00|0.00|0.00|0.00|0.00|1|
20231231|2524101|0.00|0.00|25490.16|25490.16|25490.16|25490.16|0.00|0.00|0.00|0.00|0.00|0.00|0.00|0.00|0.00|0.00|1|
20231231|4032101|0.00|0.00|1993.00|2302.32|1993.00|2302.32|0.56|0.00|0.00|0.00|0.00|309.32|0.00|0.00|0.00|0.00|1|
20231231|4111101|0.00|0.00|1172891.94|1123700.33|1172891.94|1123700.33|98384.66|0.00|0.00|0.00|0.00|0.00|0.00|0.00|0.00|0.00|1|
20230930|1213201|0.00|0.00|0.13|0.14|0.13|0.14|56793533.67|0.00|0.00|0.00|0.00|0.00|0.00|0.00|0.00|0.00|1|
20231130|1211102|0.00|0.00|971947.08|981108.83|971947.08|981108.83|414645142.50|0.00|0.00|0.00|0.00|0.00|0.00|0.00|0.00|0.00|1|
20231231|1492102|0.00|0.00|10802.05|10802.05|10802.05|10802.05|53694.33|0.00|0.00|0.00|0.00|0.00|0.00|0.00|0.00|0.00|1|
20231231|4031102|0.00|0.00|10.00|10.00|10.00|10.00|0.00|0.00|0.00|0.00|0.00|0.00|0.00|0.00|0.00|0.00|1|
20231130|4171103|0.00|0.00|38226.20|38226.20|38226.20|38226.20|0.00|0.00|0.00|0.00|0.00|0.00|0.00|0.00|0.00|0.00|1|
20231231|4241101|0.00|0.00|16300.00|10156.00|16300.00|10156.00|0.00|0.00|0.00|0.00|0.00|0.00|0.00|0.00|0.00|0.00|1|
20231231|1699101|0.00|0.00|128535.86|129607.50|128535.86|129607.50|839515.72|0.00|0.00|0.00|0.00|0.00|0.00|0.00|0.00|0.00|1|
20231031|1699101|0.00|0.00|4463.96|0.00|4463.96|0.00|19831.08|0.00|0.00|0.00|4463.96|0.00|0.00|0.00|0.00|0.00|1|
20231231|1221103|0.00|0.00|194965.55|175711.55|194965.55|175711.55|101841872.44|0.00|0.00|0.00|19254.00|0.00|0.00|0.00|0.00|0.00|1|
20231031|4011101|0.00|0.00|0.00|229771.97|0.00|229771.97|3563098.25|0.00|0.00|0.00|0.00|229771.97|0.00|0.00|0.00|0.00|1|
20231130|4212201|0.00|0.00|1204291.03|1047651.14|1204291.03|1047651.14|0.00|0.00|0.00|0.00|0.00|0.00|0.00|0.00|0.00|0.00|1|
20231031|4212101|0.00|0.00|121.11|1159717.51|121.11|1159717.51|0.00|0.00|0.00|0.00|0.00|1159596.40|0.00|0.00|0.00|0.00|1|
20231031|5922101|0.00|0.00|648296.54|0.00|648296.54|0.00|8746424.71|0.00|0.00|0.00|0.00|0.00|0.00|0.00|0.00|0.00|1|
20231031|6561101|0.00|0.00|22414.68|0.00|22414.68|0.00|196814.16|0.00|0.00|0.00|0.00|0.00|0.00|0.00|0.00|0.00|1|
20231130|6561101|0.00|0.00|24.83|0.00|24.83|0.00|65604.72|0.00|0.00|0.00|0.00|0.00|0.00|0.00|0.00|0.00|1|
20231231|6861301|0.00|0.00|23158.14|0.00|23158.14|0.00|2657134.68|0.00|0.00|0.00|0.00|0.00|0.00|0.00|0.00|0.00|1|
20231130|6861901|0.00|0.00|9520.94|0.00|9520.94|0.00|693799.40|0.00|0.00|0.00|0.00|0.00|0.00|0.00|0.00|0.00|1|
20231031|1041102|0.00|0.00|268776.46|0.00|268776.46|0.00|82055.46|0.00|0.00|0.00|268776.46|0.00|0.00|0.00|0.00|0.00|1|
20231231|1062202|0.00|0.00|159161.14|173581.11|159161.14|173581.11|15836287.35|0.00|0.00|0.00|0.00|0.00|0.00|0.00|0.00|0.00|1|
20231231|6221103|0.00|0.00|4798.33|0.00|4798.33|0.00|219453.84|0.00|0.00|0.00|0.00|0.00|0.00|0.00|0.00|0.00|1|
20231031|6221109|0.00|0.00|3480.00|0.00|3480.00|0.00|4200.00|0.00|0.00|0.00|0.00|0.00|0.00|0.00|0.00|0.00|1|
20231031|1061201|0.00|0.00|2555767.15|0.00|2555767.15|0.00|1278219.48|0.00|0.00|0.00|2555767.15|0.00|0.00|0.00|0.00|0.00|1|
20231130|1061201|0.00|0.00|2770405.95|2493407.22|2770405.95|2493407.22|10225755.84|0.00|0.00|0.00|276998.73|0.00|0.00|0.00|0.00|0.00|1|
20231130|1221201|0.00|0.00|154.51|0.00|154.51|0.00|0.00|0.00|0.00|0.00|154.51|0.00|0.00|0.00|0.00|0.00|1|
20231130|6329104|0.00|0.00|145616.23|2500.00|145616.23|2500.00|34288092.28|0.00|0.00|0.00|0.00|0.00|0.00|0.00|0.00|0.00|1|
20231130|4699107|0.00|0.00|1280.00|1915.50|1280.00|1915.50|0.00|0.00|0.00|0.00|0.00|635.50|0.00|0.00|0.00|0.00|1|
20231231|6367101|0.00|0.00|158.44|0.00|158.44|0.00|2059.76|0.00|0.00|0.00|0.00|0.00|0.00|0.00|0.00|0.00|1|
20231031|6221101|0.00|0.00|20832.00|0.00|20832.00|0.00|51456.00|0.00|0.00|0.00|0.00|0.00|0.00|0.00|0.00|0.00|1|
20231130|6393115|0.00|0.00|185655.25|0.00|185655.25|0.00|28488091.94|0.00|0.00|0.00|0.00|0.00|0.00|0.00|0.00|0.00|1|
20231231|6231101|0.00|0.00|375680.04|0.00|375680.04|0.00|1687077.90|0.00|0.00|0.00|0.00|0.00|0.00|0.00|0.00|0.00|1|
20231231|6251101|0.00|0.00|51455.22|4474.10|51455.22|4474.10|6288016.68|0.00|0.00|0.00|0.00|0.00|0.00|0.00|0.00|0.00|1|
20231031|6591102|0.00|0.00|433333.30|0.00|433333.30|0.00|519999.96|0.00|0.00|0.00|0.00|0.00|0.00|0.00|0.00|0.00|1|
20231031|6371104|0.00|0.00|37995.35|0.00|37995.35|0.00|650437.86|0.00|0.00|0.00|0.00|0.00|0.00|0.00|0.00|0.00|1|
20231130|6371104|0.00|0.00|29835.15|0.00|29835.15|0.00|2710157.75|0.00|0.00|0.00|0.00|0.00|0.00|0.00|0.00|0.00|1|
20231231|6327103|0.00|0.00|78625.08|0.00|78625.08|0.00|3548726.52|0.00|0.00|0.00|0.00|0.00|0.00|0.00|0.00|0.00|1|
20231231|6439102|0.00|0.00|562.41|0.00|562.41|0.00|112272.24|0.00|0.00|0.00|0.00|0.00|0.00|0.00|0.00|0.00|1|
20231130|6352101|0.00|0.00|19196.36|9631.35|19196.36|9631.35|344217.90|0.00|0.00|0.00|0.00|0.00|0.00|0.00|0.00|0.00|1|
20231031|6354102|0.00|0.00|106301.04|0.00|106301.04|0.00|453263.19|0.00|0.00|0.00|0.00|0.00|0.00|0.00|0.00|0.00|1|
20231031|6561103|0.00|0.00|12078.33|0.00|12078.33|0.00|44164.62|0.00|0.00|0.00|0.00|0.00|0.00|0.00|0.00|0.00|1|
20231130|6593104|0.00|0.00|994.42|0.00|994.42|0.00|926874.76|0.00|0.00|0.00|0.00|0.00|0.00|0.00|0.00|0.00|1|
20231031|6364106|0.00|0.00|79335.93|0.00|79335.93|0.00|355083.72|0.00|0.00|0.00|0.00|0.00|0.00|0.00|0.00|0.00|1|
20231231|6211101|0.00|0.00|848843.18|725.36|848843.18|725.36|533456017.44|0.00|0.00|0.00|0.00|0.00|0.00|0.00|0.00|0.00|1|
20231130|6251102|0.00|0.00|950.00|443.00|950.00|443.00|18546.00|0.00|0.00|0.00|0.00|0.00|0.00|0.00|0.00|0.00|1|
20231031|6251104|0.00|0.00|25230.00|0.00|25230.00|0.00|61260.00|0.00|0.00|0.00|0.00|0.00|0.00|0.00|0.00|0.00|1|
20231031|6274101|0.00|0.00|25775.34|0.00|25775.34|0.00|1545030.98|0.00|0.00|0.00|0.00|0.00|0.00|0.00|0.00|0.00|1|
20231130|6274101|0.00|0.00|2556.54|0.00|2556.54|0.00|2195570.34|0.00|0.00|0.00|0.00|0.00|0.00|0.00|0.00|0.00|1|
20231031|6315101|0.00|0.00|17126.89|0.00|17126.89|0.00|155366.88|0.00|0.00|0.00|0.00|0.00|0.00|0.00|0.00|0.00|1|
20231031|6323101|0.00|0.00|27000.00|0.00|27000.00|0.00|112000.00|0.00|0.00|0.00|0.00|0.00|0.00|0.00|0.00|0.00|1|
20231130|6344109|0.00|0.00|19801.62|0.00|19801.62|0.00|233640.34|0.00|0.00|0.00|0.00|0.00|0.00|0.00|0.00|0.00|1|
20231231|6344109|0.00|0.00|19437.52|0.00|19437.52|0.00|233640.34|0.00|0.00|0.00|0.00|0.00|0.00|0.00|0.00|0.00|1|
20231130|6356104|0.00|0.00|2908.40|0.00|2908.40|0.00|118348.56|0.00|0.00|0.00|0.00|0.00|0.00|0.00|0.00|0.00|1|
20231031|6432101|0.00|0.00|37123.52|0.00|37123.52|0.00|120409.64|0.00|0.00|0.00|0.00|0.00|0.00|0.00|0.00|0.00|1|
20231031|3952702|0.00|0.00|0.00|542869.69|0.00|542869.69|0.00|0.00|0.00|0.00|542869.69|0.00|0.00|0.00|0.00|0.00|1|
20231031|6327104|0.00|0.00|64000.00|0.00|64000.00|0.00|246000.00|0.00|0.00|0.00|0.00|0.00|0.00|0.00|0.00|0.00|1|
20231031|6329107|0.00|0.00|296610.15|0.00|296610.15|0.00|296610.15|0.00|0.00|0.00|0.00|0.00|0.00|0.00|0.00|0.00|1|
20231130|6393106|0.00|0.00|121254.05|0.00|121254.05|0.00|133729423.68|0.00|0.00|0.00|0.00|0.00|0.00|0.00|0.00|0.00|1|
20231031|6393110|0.00|0.00|21147.04|0.00|21147.04|0.00|565673.55|0.00|0.00|0.00|0.00|0.00|0.00|0.00|0.00|0.00|1|
20231031|6431101|0.00|0.00|28906.24|0.00|28906.24|0.00|50916.14|0.00|0.00|0.00|0.00|0.00|0.00|0.00|0.00|0.00|1|
20231031|6511102|0.00|0.00|33116.60|0.00|33116.60|0.00|81679.72|0.00|0.00|0.00|0.00|0.00|0.00|0.00|0.00|0.00|1|
20231130|6561106|0.00|0.00|2142.25|0.00|2142.25|0.00|721115.76|0.00|0.00|0.00|0.00|0.00|0.00|0.00|0.00|0.00|1|
20231031|5011101|0.00|0.00|0.00|412733.12|0.00|412733.12|0.00|0.00|0.00|0.00|0.00|412733.12|0.00|0.00|0.00|0.00|1|
20231231|6841501|0.00|0.00|14699.84|0.00|14699.84|0.00|7736246.00|0.00|0.00|0.00|0.00|0.00|0.00|0.00|0.00|0.00|1|
20231231|4221201|0.00|0.00|2219.34|19924.36|2219.34|19924.36|178232.60|0.00|0.00|0.00|0.00|17705.02|0.00|0.00|0.00|0.00|1|
20231031|6761101|0.00|0.00|459352.56|866.42|459352.56|866.42|18113455.20|0.00|0.00|0.00|0.00|0.00|0.00|0.00|0.00|0.00|1|
20231231|1821101|0.00|0.00|286.24|2417.00|286.24|2417.00|133355.80|0.00|0.00|0.00|0.00|0.00|0.00|0.00|0.00|0.00|1|
20231031|1821107|0.00|0.00|2556.55|0.00|2556.55|0.00|29811.73|0.00|0.00|0.00|2556.55|0.00|0.00|0.00|0.00|0.00|1|
20231031|1891202|0.00|0.00|265517.85|0.00|265517.85|0.00|29815588.40|0.00|0.00|0.00|265517.85|0.00|0.00|0.00|0.00|0.00|1|
20231130|6212101|0.00|0.00|6348.00|0.00|6348.00|0.00|243086.00|0.00|0.00|0.00|0.00|0.00|0.00|0.00|0.00|0.00|1|
20231130|6241101|0.00|0.00|25000.00|0.00|25000.00|0.00|153678.10|0.00|0.00|0.00|0.00|0.00|0.00|0.00|0.00|0.00|1|
20231031|6241101|0.00|0.00|103678.10|0.00|103678.10|0.00|153678.10|0.00|0.00|0.00|0.00|0.00|0.00|0.00|0.00|0.00|1|
20231231|6273103|0.00|0.00|871.02|0.00|871.02|0.00|27806.15|0.00|0.00|0.00|0.00|0.00|0.00|0.00|0.00|0.00|1|
20231130|6275103|0.00|0.00|9483.20|9483.11|9483.20|9483.11|8517495.00|0.00|0.00|0.00|0.00|0.00|0.00|0.00|0.00|0.00|1|
20231231|6313101|0.00|0.00|13231.69|1177.00|13231.69|1177.00|15092882.40|0.00|0.00|0.00|0.00|0.00|0.00|0.00|0.00|0.00|1|
20231231|6321104|0.00|0.00|2798.40|0.00|2798.40|0.00|1038873.60|0.00|0.00|0.00|0.00|0.00|0.00|0.00|0.00|0.00|1|
20231031|3369101|0.00|0.00|1122686.83|0.00|1122686.83|0.00|1324099.69|0.00|0.00|0.00|1122686.83|0.00|0.00|0.00|0.00|0.00|1|
20231031|6593115|0.00|0.00|2794.07|0.00|2794.07|0.00|57494.86|0.00|0.00|0.00|0.00|0.00|0.00|0.00|0.00|0.00|1|
20231231|1062201|0.00|0.00|2052207.00|2052207.00|2052207.00|2052207.00|0.00|0.00|0.00|0.00|0.00|0.00|0.00|0.00|0.00|0.00|1|
20231130|1062203|0.00|0.00|977340.00|977340.00|977340.00|977340.00|0.00|0.00|0.00|0.00|0.00|0.00|0.00|0.00|0.00|0.00|1|
20231031|6593117|0.00|0.00|1720968.39|0.00|1720968.39|0.00|6502110.90|0.00|0.00|0.00|0.00|0.00|0.00|0.00|0.00|0.00|1|
20231231|6593117|0.00|0.00|148533.48|0.00|148533.48|0.00|4334740.60|0.00|0.00|0.00|0.00|0.00|0.00|0.00|0.00|0.00|1|
20231031|4699204|0.00|0.00|0.00|12084.70|0.00|12084.70|0.00|0.00|0.00|0.00|0.00|12084.70|0.00|0.00|0.00|0.00|1|
20231130|7791101|0.00|0.00|0.00|214.46|0.00|214.46|0.00|0.00|0.00|0.00|0.00|0.00|0.00|214.46|0.00|0.00|1|
20231031|4017301|0.00|0.00|0.00|134684.01|0.00|134684.01|0.00|0.00|0.00|0.00|0.00|134684.01|0.00|0.00|0.00|0.00|1|
20231031|4191101|0.00|0.00|0.00|230136.04|0.00|230136.04|0.00|0.00|0.00|0.00|0.00|230136.04|0.00|0.00|0.00|0.00|1|
20231231|4011102|0.00|0.00|273572.83|603926.55|273572.83|603926.55|0.00|0.00|0.00|0.00|0.00|330353.72|0.00|0.00|0.00|0.00|1|
20231231|4017401|0.00|0.00|7761.10|12968.41|7761.10|12968.41|0.00|0.00|0.00|0.00|0.00|5207.31|0.00|0.00|0.00|0.00|1|
20231130|4171102|0.00|0.00|11331.61|11331.61|11331.61|11331.61|0.00|0.00|0.00|0.00|0.00|0.00|0.00|0.00|0.00|0.00|1|
20231231|1821105|0.00|0.00|0.00|5808.21|0.00|5808.21|29041.02|0.00|0.00|0.00|0.00|0.00|0.00|0.00|0.00|0.00|1|
20231231|7599102|0.00|0.00|5.06|72.57|5.06|72.57|0.00|0.00|0.00|0.00|0.00|0.00|0.00|67.51|0.00|0.00|1|
20231130|7599102|0.00|0.00|0.00|212.04|0.00|212.04|0.00|0.00|0.00|0.00|0.00|0.00|0.00|212.04|0.00|0.00|1|
20230930|6593101|0.00|0.00|0.16|0.13|0.16|0.13|10234.97|0.00|0.00|0.00|0.00|0.00|0.00|0.00|0.00|0.00|1|
20230831|6593101|0.00|0.00|0.01|0.00|0.01|0.00|352.93|0.00|0.00|0.00|0.00|0.00|0.00|0.00|0.00|0.00|1|
20231130|3952101|0.00|0.00|0.00|32520.54|0.00|32520.54|0.00|0.00|0.00|0.00|32520.54|0.00|0.00|0.00|0.00|0.00|1|
20231031|4032101|0.00|0.00|0.00|1852.45|0.00|1852.45|0.14|0.00|0.00|0.00|0.00|1852.45|0.00|0.00|0.00|0.00|1|
20231031|1213201|0.00|0.00|2483945.91|60283.34|2483945.91|60283.34|1489252660.68|0.00|0.00|0.00|2423662.57|0.00|0.00|0.00|0.00|0.00|1|
20230831|1213201|0.00|0.00|0.00|0.01|0.00|0.01|2103464.21|0.00|0.00|0.00|0.00|0.00|0.00|0.00|0.00|0.00|1|
20231231|1291101|0.00|0.00|1166.00|604.80|1166.00|604.80|0.00|0.00|0.00|0.00|561.20|0.00|0.00|0.00|0.00|0.00|1|
20231231|1413102|0.00|0.00|35020.90|60896.20|35020.90|60896.20|2594494.08|0.00|0.00|0.00|0.00|0.00|0.00|0.00|0.00|0.00|1|
20231231|4171103|0.00|0.00|36317.66|36317.66|36317.66|36317.66|0.00|0.00|0.00|0.00|0.00|0.00|0.00|0.00|0.00|0.00|1|
20231031|1629102|0.00|0.00|92272.95|0.00|92272.95|0.00|92272.95|0.00|0.00|0.00|92272.95|0.00|0.00|0.00|0.00|0.00|1|
20231031|4961101|0.00|0.00|0.00|2501063.16|0.00|2501063.16|0.00|0.00|0.00|0.00|0.00|2501063.16|0.00|0.00|0.00|0.00|1|
20231231|4212101|0.00|0.00|1924712.30|2119466.50|1924712.30|2119466.50|0.00|0.00|0.00|0.00|0.00|194754.20|0.00|0.00|0.00|0.00|1|
20231130|6312101|0.00|0.00|3333.27|1393.00|3333.27|1393.00|1386179.70|0.00|0.00|0.00|0.00|0.00|0.00|0.00|0.00|0.00|1|
20231231|6329105|0.00|0.00|3713.00|0.00|3713.00|0.00|20348.00|0.00|0.00|0.00|0.00|0.00|0.00|0.00|0.00|0.00|1|
20231130|6371101|0.00|0.00|12790.80|0.00|12790.80|0.00|17790.80|0.00|0.00|0.00|0.00|0.00|0.00|0.00|0.00|0.00|1|
20231031|6371101|0.00|0.00|2000.00|0.00|2000.00|0.00|17790.80|0.00|0.00|0.00|0.00|0.00|0.00|0.00|0.00|0.00|1|
20231130|6841101|0.00|0.00|32520.54|0.00|32520.54|0.00|1616859.96|0.00|0.00|0.00|0.00|0.00|0.00|0.00|0.00|0.00|1|
20231031|6861901|0.00|0.00|77407.52|0.00|77407.52|0.00|495571.00|0.00|0.00|0.00|0.00|0.00|0.00|0.00|0.00|0.00|1|
20231031|7599107|0.00|0.00|0.00|530965.05|0.00|530965.05|0.00|0.00|0.00|0.00|0.00|0.00|0.00|530965.05|0.00|0.00|1|
20231130|6211102|0.00|0.00|19716.03|0.00|19716.03|0.00|2830995.16|0.00|0.00|0.00|0.00|0.00|0.00|0.00|0.00|0.00|1|
20231231|6215101|0.00|0.00|75532.92|0.00|75532.92|0.00|46551082.60|0.00|0.00|0.00|0.00|0.00|0.00|0.00|0.00|0.00|1|
20231031|6251103|0.00|0.00|102975.43|0.00|102975.43|0.00|1140279.07|0.00|0.00|0.00|0.00|0.00|0.00|0.00|0.00|0.00|1|
20231231|6241102|0.00|0.00|8560.95|3465.10|8560.95|3465.10|1872538.16|0.00|0.00|0.00|0.00|0.00|0.00|0.00|0.00|0.00|1|
20231231|1010101|0.00|0.00|1169.43|1169.43|1169.43|1169.43|0.00|0.00|0.00|0.00|0.00|0.00|0.00|0.00|0.00|0.00|1|
20231130|4699103|0.00|0.00|0.00|567.60|0.00|567.60|0.00|0.00|0.00|0.00|0.00|567.60|0.00|0.00|0.00|0.00|1|
20231130|4699105|0.00|0.00|20673.93|28589.63|20673.93|28589.63|0.00|0.00|0.00|0.00|0.00|7915.70|0.00|0.00|0.00|0.00|1|
20231031|6343108|0.00|0.00|34745.81|0.00|34745.81|0.00|129556.89|0.00|0.00|0.00|0.00|0.00|0.00|0.00|0.00|0.00|1|
20231231|6343108|0.00|0.00|701.93|0.00|701.93|0.00|43185.63|0.00|0.00|0.00|0.00|0.00|0.00|0.00|0.00|0.00|1|
20231231|6371106|0.00|0.00|436.00|200.00|436.00|200.00|482904.66|0.00|0.00|0.00|0.00|0.00|0.00|0.00|0.00|0.00|1|
20231130|6251101|0.00|0.00|4764.24|0.00|4764.24|0.00|3239281.32|0.00|0.00|0.00|0.00|0.00|0.00|0.00|0.00|0.00|1|
20231130|6271101|0.00|0.00|68592.75|0.00|68592.75|0.00|42611250.76|0.00|0.00|0.00|0.00|0.00|0.00|0.00|0.00|0.00|1|
20231231|6275102|0.00|0.00|5808.21|869.85|5808.21|869.85|116994.30|0.00|0.00|0.00|0.00|0.00|0.00|0.00|0.00|0.00|1|
20231130|1699102|0.00|0.00|1288.25|121.78|1288.25|121.78|33308.44|0.00|0.00|0.00|1166.47|0.00|0.00|0.00|0.00|0.00|1|
20231231|1699102|0.00|0.00|8384.12|4080.87|8384.12|4080.87|83271.10|0.00|0.00|0.00|4303.25|0.00|0.00|0.00|0.00|0.00|1|
20231130|6393111|0.00|0.00|65.02|0.00|65.02|0.00|4594.10|0.00|0.00|0.00|0.00|0.00|0.00|0.00|0.00|0.00|1|
20231130|6327103|0.00|0.00|6450.00|0.00|6450.00|0.00|373550.16|0.00|0.00|0.00|0.00|0.00|0.00|0.00|0.00|0.00|1|
20231130|6439102|0.00|0.00|211.37|0.00|211.37|0.00|42102.09|0.00|0.00|0.00|0.00|0.00|0.00|0.00|0.00|0.00|1|
20231231|6531102|0.00|0.00|3873.76|0.00|3873.76|0.00|194933.36|0.00|0.00|0.00|0.00|0.00|0.00|0.00|0.00|0.00|1|
20231031|6352101|0.00|0.00|95550.60|0.00|95550.60|0.00|229478.60|0.00|0.00|0.00|0.00|0.00|0.00|0.00|0.00|0.00|1|
20231231|6352101|0.00|0.00|9623.69|0.00|9623.69|0.00|114739.30|0.00|0.00|0.00|0.00|0.00|0.00|0.00|0.00|0.00|1|
20231130|6354102|0.00|0.00|17192.75|0.00|17192.75|0.00|755438.65|0.00|0.00|0.00|0.00|0.00|0.00|0.00|0.00|0.00|1|
20231130|6356101|0.00|0.00|13380.09|0.00|13380.09|0.00|576428.16|0.00|0.00|0.00|0.00|0.00|0.00|0.00|0.00|0.00|1|
20231031|6561107|0.00|0.00|23310.37|0.00|23310.37|0.00|122599.84|0.00|0.00|0.00|0.00|0.00|0.00|0.00|0.00|0.00|1|
20231130|6593109|0.00|0.00|11281.53|0.00|11281.53|0.00|22563.06|0.00|0.00|0.00|0.00|0.00|0.00|0.00|0.00|0.00|1|
20231130|6393116|0.00|0.00|10452.05|5999.90|10452.05|5999.90|34951.35|0.00|0.00|0.00|0.00|0.00|0.00|0.00|0.00|0.00|1|
20231231|6412101|0.00|0.00|452.85|0.00|452.85|0.00|852791.25|0.00|0.00|0.00|0.00|0.00|0.00|0.00|0.00|0.00|1|
20231231|6211103|0.00|0.00|19600.00|0.00|19600.00|0.00|2208377.50|0.00|0.00|0.00|0.00|0.00|0.00|0.00|0.00|0.00|1|
20231031|6352104|0.00|0.00|769448.24|0.02|769448.24|0.02|29075080.32|0.00|0.00|0.00|0.00|0.00|0.00|0.00|0.00|0.00|1|
20231231|6373102|0.00|0.00|252919.37|11550.00|252919.37|11550.00|18136623.68|0.00|0.00|0.00|0.00|0.00|0.00|0.00|0.00|0.00|1|
20231031|6391102|0.00|0.00|47244.94|11620.08|47244.94|11620.08|700338.52|0.00|0.00|0.00|0.00|0.00|0.00|0.00|0.00|0.00|1|
20231130|1213101|0.00|0.00|1452394.12|2332430.64|1452394.12|2332430.64|1647793962.32|0.00|0.00|0.00|0.00|0.00|0.00|0.00|0.00|0.00|1|
20231231|1492101|0.00|0.00|870385.71|870385.71|870385.71|870385.71|0.00|0.00|0.00|0.00|0.00|0.00|0.00|0.00|0.00|0.00|1|
20231031|4115101|0.00|0.00|0.00|1292498.17|0.00|1292498.17|0.00|0.00|0.00|0.00|0.00|1292498.17|0.00|0.00|0.00|0.00|1|
20231130|4211101|0.00|0.00|238721.04|221000.45|238721.04|221000.45|0.00|0.00|0.00|0.00|0.00|0.00|0.00|0.00|0.00|0.00|1|
20231130|6511102|0.00|0.00|2082.65|0.00|2082.65|0.00|735117.48|0.00|0.00|0.00|0.00|0.00|0.00|0.00|0.00|0.00|1|
20231130|6531103|0.00|0.00|2328.04|0.00|2328.04|0.00|240681.96|0.00|0.00|0.00|0.00|0.00|0.00|0.00|0.00|0.00|1|
20231130|6541101|0.00|0.00|60230.22|419.00|60230.22|419.00|118873648.80|0.00|0.00|0.00|0.00|0.00|0.00|0.00|0.00|0.00|1|
20231031|6561110|0.00|0.00|210.00|0.00|210.00|0.00|210.00|0.00|0.00|0.00|0.00|0.00|0.00|0.00|0.00|0.00|1|
20231231|1291201|0.00|0.00|1417.08|149.49|1417.08|149.49|131.32|0.00|0.00|0.00|1267.59|0.00|0.00|0.00|0.00|0.00|1|
20231231|1629101|0.00|0.00|340.17|0.00|340.17|0.00|134287.67|0.00|0.00|0.00|340.17|0.00|0.00|0.00|0.00|0.00|1|
20231031|4891101|0.00|0.00|0.00|953333.30|0.00|953333.30|0.00|0.00|0.00|0.00|0.00|953333.30|0.00|0.00|0.00|0.00|1|
20231031|5012101|0.00|0.00|0.00|3972815.11|0.00|3972815.11|0.00|0.00|0.00|0.00|0.00|3972815.11|0.00|0.00|0.00|0.00|1|
20231130|4221201|0.00|0.00|4547.31|23179.42|4547.31|23179.42|95971.40|0.00|0.00|0.00|0.00|18632.11|0.00|0.00|0.00|0.00|1|
20231130|6761101|0.00|0.00|348456.50|4994.12|348456.50|4994.12|156681387.48|0.00|0.00|0.00|0.00|0.00|0.00|0.00|0.00|0.00|1|
20231231|7761101|0.00|0.00|43914.45|268297.32|43914.45|268297.32|0.00|0.00|0.00|0.00|0.00|0.00|0.00|224382.87|0.00|0.00|1|
20231130|1811101|0.00|0.00|0.00|25138.96|0.00|25138.96|1836539.61|0.00|0.00|0.00|0.00|0.00|0.00|0.00|0.00|0.00|1|
20231130|6214101|0.00|0.00|169933.04|0.00|169933.04|0.00|88893123.36|0.00|0.00|0.00|0.00|0.00|0.00|0.00|0.00|0.00|1|
20231031|6273103|0.00|0.00|4245.23|0.00|4245.23|0.00|38928.61|0.00|0.00|0.00|0.00|0.00|0.00|0.00|0.00|0.00|1|
20231130|6273103|0.00|0.00|444.98|0.00|444.98|0.00|33367.38|0.00|0.00|0.00|0.00|0.00|0.00|0.00|0.00|0.00|1|
20231231|3369101|0.00|0.00|2691.63|0.00|2691.63|0.00|1324099.69|0.00|0.00|0.00|2691.63|0.00|0.00|0.00|0.00|0.00|1|
20231231|4511113|0.00|0.00|49238.06|0.00|49238.06|0.00|148128.36|0.00|0.00|0.00|0.00|0.00|0.00|0.00|0.00|0.00|1|
20231130|1041103|0.00|0.00|2287494.40|2465160.29|2287494.40|2465160.29|7502559.35|0.00|0.00|0.00|0.00|0.00|0.00|0.00|0.00|0.00|1|
20231130|1041101|0.00|0.00|2505125.38|3074695.38|2505125.38|3074695.38|0.00|0.00|0.00|0.00|0.00|0.00|0.00|0.00|0.00|0.00|1|
20231231|4221103|0.00|0.00|207736.63|207736.64|207736.63|207736.64|0.00|0.00|0.00|0.00|0.00|0.01|0.00|0.00|0.00|0.00|1|
20231031|3961101|0.00|0.00|0.00|91758.51|0.00|91758.51|0.00|0.00|0.00|0.00|91758.51|0.00|0.00|0.00|0.00|0.00|1|
20231130|3961101|0.00|0.00|0.00|935.94|0.00|935.94|0.00|0.00|0.00|0.00|935.94|0.00|0.00|0.00|0.00|0.00|1|
20231231|4151101|0.00|0.00|3548.23|90836.51|3548.23|90836.51|0.00|0.00|0.00|0.00|0.00|87288.28|0.00|0.00|0.00|0.00|1|
20231231|1821106|0.00|0.00|0.00|1225.94|0.00|1225.94|74046.48|0.00|0.00|0.00|0.00|0.00|0.00|0.00|0.00|0.00|1|
20231031|6531101|0.00|0.00|487997.49|0.00|487997.49|0.00|2382989.72|0.00|0.00|0.00|0.00|0.00|0.00|0.00|0.00|0.00|1|
20231130|7599104|0.00|0.00|70561.67|52877.25|70561.67|52877.25|151050.38|0.00|0.00|0.00|0.00|0.00|0.00|0.00|0.00|0.00|1|
20231130|1221202|0.00|0.00|215046.06|0.00|215046.06|0.00|0.00|0.00|0.00|0.00|215046.06|0.00|0.00|0.00|0.00|0.00|1|
20231031|3421101|0.00|0.00|870.68|0.00|870.68|0.00|870.68|0.00|0.00|0.00|870.68|0.00|0.00|0.00|0.00|0.00|1|
20230731|1213201|0.00|0.00|0.02|0.06|0.02|0.06|16827713.68|0.00|0.00|0.00|0.00|0.00|0.00|0.00|0.00|0.00|1|
20230430|1213201|0.00|0.00|0.00|0.01|0.00|0.01|2103464.21|0.00|0.00|0.00|0.00|0.00|0.00|0.00|0.00|0.00|1|
20231031|1291101|0.00|0.00|0.00|13450.86|0.00|13450.86|0.00|0.00|0.00|0.00|0.00|0.00|0.00|0.00|0.00|0.00|1|
20231130|1492102|0.00|0.00|9590.80|9590.80|9590.80|9590.80|89490.55|0.00|0.00|0.00|0.00|0.00|0.00|0.00|0.00|0.00|1|
20231130|1891103|0.00|0.00|28877.73|28877.73|28877.73|28877.73|0.00|0.00|0.00|0.00|0.00|0.00|0.00|0.00|0.00|0.00|1|
20231231|4961101|0.00|0.00|1239427.20|0.00|1239427.20|0.00|0.00|0.00|0.00|0.00|0.00|0.00|0.00|0.00|0.00|0.00|1|
20231130|4011101|0.00|0.00|634617.58|81098.40|634617.58|81098.40|954910331.00|0.00|0.00|0.00|0.00|0.00|0.00|0.00|0.00|0.00|1|
20231231|4011101|0.00|0.00|540798.68|134779.48|540798.68|134779.48|1307657057.75|0.00|0.00|0.00|0.00|0.00|0.00|0.00|0.00|0.00|1|
20231031|6221102|0.00|0.00|577061.33|0.00|577061.33|0.00|1402627.30|0.00|0.00|0.00|0.00|0.00|0.00|0.00|0.00|0.00|1|
20231031|6273101|0.00|0.00|5790.95|0.00|5790.95|0.00|110520.16|0.00|0.00|0.00|0.00|0.00|0.00|0.00|0.00|0.00|1|
20231031|6312101|0.00|0.00|16653.04|0.00|16653.04|0.00|1027684.95|0.00|0.00|0.00|0.00|0.00|0.00|0.00|0.00|0.00|1|
20231130|1061101|0.00|0.00|1922764.45|2519018.50|1922764.45|2519018.50|6018.00|0.00|0.00|0.00|0.00|0.00|0.00|0.00|0.00|0.00|1|
20231231|7599103|0.00|0.00|0.00|12913.46|0.00|12913.46|0.00|0.00|0.00|0.00|0.00|0.00|0.00|12913.46|0.00|0.00|1|
20231130|7599107|0.00|0.00|0.00|70561.67|0.00|70561.67|0.00|0.00|0.00|0.00|0.00|0.00|0.00|70561.67|0.00|0.00|1|
20231231|6251103|0.00|0.00|22704.32|0.00|22704.32|0.00|3257940.20|0.00|0.00|0.00|0.00|0.00|0.00|0.00|0.00|0.00|1|
20231031|6221105|0.00|0.00|1841.62|0.00|1841.62|0.00|5487502.00|0.00|0.00|0.00|0.00|0.00|0.00|0.00|0.00|0.00|1|
20231231|1061201|0.00|0.00|2366029.51|3957250.89|2366029.51|3957250.89|17895072.72|0.00|0.00|0.00|0.00|0.00|0.00|0.00|0.00|0.00|1|
20231231|1062103|0.00|0.00|1646000.00|1646000.00|1646000.00|1646000.00|2100000.00|0.00|0.00|0.00|0.00|0.00|0.00|0.00|0.00|0.00|1|
20231031|4699103|0.00|0.00|1849.00|1836.00|1849.00|1836.00|0.00|0.00|0.00|0.00|0.00|0.00|0.00|0.00|0.00|0.00|1|
20231031|6393118|0.00|0.00|1143560.36|0.00|1143560.36|0.00|1350201.95|0.00|0.00|0.00|0.00|0.00|0.00|0.00|0.00|0.00|1|
20231231|6371108|0.00|0.00|38517.46|1904.00|38517.46|1904.00|646960.44|0.00|0.00|0.00|0.00|0.00|0.00|0.00|0.00|0.00|1|
20231031|6373101|0.00|0.00|71593.56|0.00|71593.56|0.00|1146714.00|0.00|0.00|0.00|0.00|0.00|0.00|0.00|0.00|0.00|1|
20231130|6373101|0.00|0.00|21240.21|0.00|21240.21|0.00|688028.40|0.00|0.00|0.00|0.00|0.00|0.00|0.00|0.00|0.00|1|
20231231|6391101|0.00|0.00|713.82|0.00|713.82|0.00|54742.24|0.00|0.00|0.00|0.00|0.00|0.00|0.00|0.00|0.00|1|
20231031|6393113|0.00|0.00|94432.75|0.00|94432.75|0.00|188865.50|0.00|0.00|0.00|0.00|0.00|0.00|0.00|0.00|0.00|1|
20231130|6231101|0.00|0.00|51077.75|0.00|51077.75|0.00|562359.30|0.00|0.00|0.00|0.00|0.00|0.00|0.00|0.00|0.00|1|
20231031|6561109|0.00|0.00|7302.24|0.00|7302.24|0.00|29208.96|0.00|0.00|0.00|0.00|0.00|0.00|0.00|0.00|0.00|1|
20231231|6329102|0.00|0.00|380.17|0.00|380.17|0.00|11577.26|0.00|0.00|0.00|0.00|0.00|0.00|0.00|0.00|0.00|1|
20231130|6329106|0.00|0.00|58177.25|5800.00|58177.25|5800.00|3109991.25|0.00|0.00|0.00|0.00|0.00|0.00|0.00|0.00|0.00|1|
20231231|6329106|0.00|0.00|50472.00|0.00|50472.00|0.00|1865994.75|0.00|0.00|0.00|0.00|0.00|0.00|0.00|0.00|0.00|1|
20231130|7599105|0.00|0.00|0.00|21410.00|0.00|21410.00|0.00|0.00|0.00|0.00|0.00|0.00|0.00|21410.00|0.00|0.00|1|
20231231|7599105|0.00|0.00|0.00|21410.00|0.00|21410.00|0.00|0.00|0.00|0.00|0.00|0.00|0.00|21410.00|0.00|0.00|1|
20231031|7721101|0.00|0.00|0.00|536877.21|0.00|536877.21|0.00|0.00|0.00|0.00|0.00|0.00|0.00|536877.21|0.00|0.00|1|
20231130|6368101|0.00|0.00|696939.19|363133.12|696939.19|363133.12|3445843941.81|0.00|0.00|0.00|0.00|0.00|0.00|0.00|0.00|0.00|1|
20231231|6368101|0.00|0.00|817359.33|409377.26|817359.33|409377.26|9959273186.57|0.00|0.00|0.00|0.00|0.00|0.00|0.00|0.00|0.00|1|
20231031|6393103|0.00|0.00|3353.90|0.00|3353.90|0.00|55772.94|0.00|0.00|0.00|0.00|0.00|0.00|0.00|0.00|0.00|1|
20231031|6393111|0.00|0.00|441.06|0.00|441.06|0.00|1968.90|0.00|0.00|0.00|0.00|0.00|0.00|0.00|0.00|0.00|1|
20231231|6393111|0.00|0.00|125.19|0.00|125.19|0.00|9188.20|0.00|0.00|0.00|0.00|0.00|0.00|0.00|0.00|0.00|1|
20231031|6327103|0.00|0.00|56100.00|0.00|56100.00|0.00|373550.16|0.00|0.00|0.00|0.00|0.00|0.00|0.00|0.00|0.00|1|
20231031|6439102|0.00|0.00|12422.17|0.00|12422.17|0.00|210510.45|0.00|0.00|0.00|0.00|0.00|0.00|0.00|0.00|0.00|1|
20231031|6531102|0.00|0.00|40502.94|0.00|40502.94|0.00|243666.70|0.00|0.00|0.00|0.00|0.00|0.00|0.00|0.00|0.00|1|
20231031|6344104|0.00|0.00|2730.00|0.00|2730.00|0.00|2730.00|0.00|0.00|0.00|0.00|0.00|0.00|0.00|0.00|0.00|1|
20231231|6356101|0.00|0.00|11425.10|0.00|11425.10|0.00|384285.44|0.00|0.00|0.00|0.00|0.00|0.00|0.00|0.00|0.00|1|
20231130|6561107|0.00|0.00|2710.75|0.00|2710.75|0.00|643649.16|0.00|0.00|0.00|0.00|0.00|0.00|0.00|0.00|0.00|1|
20231031|6364102|0.00|0.00|93827.80|0.00|93827.80|0.00|1514061.72|0.00|0.00|0.00|0.00|0.00|0.00|0.00|0.00|0.00|1|
20231130|7032111|0.00|0.00|572408.07|5034703.21|572408.07|5034703.21|0.00|0.00|0.00|0.00|0.00|0.00|0.00|4462295.14|0.00|0.00|1|
20231031|4699102|0.00|0.00|1146.42|30986.84|1146.42|30986.84|0.00|0.00|0.00|0.00|0.00|29840.42|0.00|0.00|0.00|0.00|1|
20231031|5921101|0.00|0.00|5934270.43|0.00|5934270.43|0.00|39566995.03|0.00|0.00|0.00|0.00|0.00|0.00|0.00|0.00|0.00|1|
20231130|6211101|0.00|0.00|866604.80|0.00|866604.80|0.00|455660348.23|0.00|0.00|0.00|0.00|0.00|0.00|0.00|0.00|0.00|1|
20231231|6231102|0.00|0.00|37800.00|0.00|37800.00|0.00|36300.00|0.00|0.00|0.00|0.00|0.00|0.00|0.00|0.00|0.00|1|
20231130|6275101|0.00|0.00|94202.06|0.00|94202.06|0.00|51658472.16|0.00|0.00|0.00|0.00|0.00|0.00|0.00|0.00|0.00|1|
20231031|6275101|0.00|0.00|826523.78|0.00|826523.78|0.00|41972508.63|0.00|0.00|0.00|0.00|0.00|0.00|0.00|0.00|0.00|1|
20231130|4511112|0.00|0.00|46209.08|0.00|46209.08|0.00|129126.12|0.00|0.00|0.00|0.00|0.00|0.00|0.00|0.00|0.00|1|
20231231|4511112|0.00|0.00|22863.06|25892.04|22863.06|25892.04|129126.12|0.00|0.00|0.00|0.00|3028.98|0.00|0.00|0.00|0.00|1|
20231031|6356104|0.00|0.00|14120.70|0.00|14120.70|0.00|118348.56|0.00|0.00|0.00|0.00|0.00|0.00|0.00|0.00|0.00|1|
20231031|6329103|0.00|0.00|13559.50|0.00|13559.50|0.00|16930.50|0.00|0.00|0.00|0.00|0.00|0.00|0.00|0.00|0.00|1|
20231130|6343101|0.00|0.00|11550.63|0.00|11550.63|0.00|2629309.14|0.00|0.00|0.00|0.00|0.00|0.00|0.00|0.00|0.00|1|
20231031|6343101|0.00|0.00|256821.95|0.00|256821.95|0.00|876436.38|0.00|0.00|0.00|0.00|0.00|0.00|0.00|0.00|0.00|1|
20231130|6344105|0.00|0.00|1509.04|0.00|1509.04|0.00|18116.53|0.00|0.00|0.00|0.00|0.00|0.00|0.00|0.00|0.00|1|
20231130|6363101|0.00|0.00|4582.78|3041.26|4582.78|3041.26|67963.55|0.00|0.00|0.00|0.00|0.00|0.00|0.00|0.00|0.00|1|
20231231|3961201|0.00|0.00|102.50|375.26|102.50|375.26|0.00|0.00|0.00|0.00|272.76|0.00|0.00|0.00|0.00|0.00|1|
20231130|6371103|0.00|0.00|70000.00|0.00|70000.00|0.00|141000.00|0.00|0.00|0.00|0.00|0.00|0.00|0.00|0.00|0.00|1|
20231031|6371103|0.00|0.00|28400.00|0.00|28400.00|0.00|141000.00|0.00|0.00|0.00|0.00|0.00|0.00|0.00|0.00|0.00|1|
20231031|6373102|0.00|0.00|206482.92|0.00|206482.92|0.00|3967386.43|0.00|0.00|0.00|0.00|0.00|0.00|0.00|0.00|0.00|1|
20231031|1213101|0.00|0.00|2507672.72|5205.27|2507672.72|5205.27|1130162351.12|0.00|0.00|0.00|2502467.45|0.00|0.00|0.00|0.00|0.00|1|
20231031|6561106|0.00|0.00|24738.90|0.00|24738.90|0.00|480743.84|0.00|0.00|0.00|0.00|0.00|0.00|0.00|0.00|0.00|1|
20231031|6591101|0.00|0.00|445859.92|57680.96|445859.92|57680.96|3173695.41|0.00|0.00|0.00|0.00|0.00|0.00|0.00|0.00|0.00|1|
20231231|1413101|0.00|0.00|5792.16|13716.60|5792.16|13716.60|119600.00|0.00|0.00|0.00|0.00|0.00|0.00|0.00|0.00|0.00|1|
20231231|6212101|0.00|0.00|23698.00|0.00|23698.00|0.00|243086.00|0.00|0.00|0.00|0.00|0.00|0.00|0.00|0.00|0.00|1|
20231231|6275103|0.00|0.00|16922.96|0.00|16922.96|0.00|8971761.40|0.00|0.00|0.00|0.00|0.00|0.00|0.00|0.00|0.00|1|
20231231|6291101|0.00|0.00|94194.43|0.00|94194.43|0.00|57494288.28|0.00|0.00|0.00|0.00|0.00|0.00|0.00|0.00|0.00|1|
20231231|1041103|0.00|0.00|969677.84|987126.93|969677.84|987126.93|6657200.55|0.00|0.00|0.00|0.00|0.00|0.00|0.00|0.00|0.00|1|
20231031|1041103|0.00|0.00|225894.57|0.00|225894.57|0.00|105669.85|0.00|0.00|0.00|225894.57|0.00|0.00|0.00|0.00|0.00|1|
20231130|1062104|0.00|0.00|13628.09|0.00|13628.09|0.00|1888874.92|0.00|0.00|0.00|13628.09|0.00|0.00|0.00|0.00|0.00|1|
20231231|1062203|0.00|0.00|1216800.00|1216800.00|1216800.00|1216800.00|0.00|0.00|0.00|0.00|0.00|0.00|0.00|0.00|0.00|0.00|1|
20231130|4699104|0.00|0.00|61.47|0.00|61.47|0.00|0.00|0.00|0.00|0.00|0.00|0.00|0.00|0.00|0.00|0.00|1|
20231130|4699106|0.00|0.00|46866.78|39893.64|46866.78|39893.64|0.00|0.00|0.00|0.00|0.00|0.00|0.00|0.00|0.00|0.00|1|
20231130|6593117|0.00|0.00|144868.43|0.00|144868.43|0.00|4334740.60|0.00|0.00|0.00|0.00|0.00|0.00|0.00|0.00|0.00|1|
20231231|4699204|0.00|0.00|405.76|323.97|405.76|323.97|0.00|0.00|0.00|0.00|0.00|0.00|0.00|0.00|0.00|0.00|1|
20231130|4699204|0.00|0.00|323.97|0.00|323.97|0.00|0.00|0.00|0.00|0.00|0.00|0.00|0.00|0.00|0.00|0.00|1|
20231031|4017201|0.00|0.00|0.00|19.20|0.00|19.20|0.00|0.00|0.00|0.00|0.00|19.20|0.00|0.00|0.00|0.00|1|
20231031|4011401|0.00|0.00|0.00|1903.54|0.00|1903.54|0.00|0.00|0.00|0.00|0.00|1903.54|0.00|0.00|0.00|0.00|1|
20231231||0.00|0.00|292444.05|292444.05|292444.05|292444.05|0.00|0.00|0.00|0.00|0.00|0.00|0.00|0.00|0.00|0.00|1|
20231031|3961301|0.00|0.00|0.00|564166.79|0.00|564166.79|0.00|0.00|0.00|0.00|564166.79|0.00|0.00|0.00|0.00|0.00|1|
20231231|4191101|0.00|0.00|48305.92|37800.00|48305.92|37800.00|0.00|0.00|0.00|0.00|0.00|0.00|0.00|0.00|0.00|0.00|1|
20231031|4017401|0.00|0.00|0.00|9272.81|0.00|9272.81|0.00|0.00|0.00|0.00|0.00|9272.81|0.00|0.00|0.00|0.00|1|
20231031|3351101|0.00|0.00|510123.71|0.00|510123.71|0.00|639393.87|0.00|0.00|0.00|510123.71|0.00|0.00|0.00|0.00|0.00|1|
20231231|6531101|0.00|0.00|49090.74|0.00|49090.74|0.00|2978737.15|0.00|0.00|0.00|0.00|0.00|0.00|0.00|0.00|0.00|1|
20231231|4011201|0.00|0.00|7783.00|7783.00|7783.00|7783.00|0.00|0.00|0.00|0.00|0.00|0.00|0.00|0.00|0.00|0.00|1|
20231130|4221202|0.00|0.00|89351.09|89351.09|89351.09|89351.09|0.00|0.00|0.00|0.00|0.00|0.00|0.00|0.00|0.00|0.00|1|
20230731|6593101|0.00|0.00|0.06|0.02|0.06|0.02|2823.44|0.00|0.00|0.00|0.00|0.00|0.00|0.00|0.00|0.00|1|
20231031|3311101|0.00|0.00|9821691.65|0.00|9821691.65|0.00|14068647.61|0.00|0.00|0.00|9821691.65|0.00|0.00|0.00|0.00|0.00|1|
20231031|3324101|0.00|0.00|902791.17|0.00|902791.17|0.00|1018441.20|0.00|0.00|0.00|902791.17|0.00|0.00|0.00|0.00|0.00|1|
20231031|3362101|0.00|0.00|12041.73|0.00|12041.73|0.00|12041.73|0.00|0.00|0.00|12041.73|0.00|0.00|0.00|0.00|0.00|1|
20231231|3952101|0.00|0.00|0.00|32520.54|0.00|32520.54|0.00|0.00|0.00|0.00|32520.54|0.00|0.00|0.00|0.00|0.00|1|
20231031|3961901|0.00|0.00|0.00|102781.96|0.00|102781.96|0.00|0.00|0.00|0.00|102781.96|0.00|0.00|0.00|0.00|0.00|1|
20231231|3961901|0.00|0.00|0.00|12185.74|0.00|12185.74|0.00|0.00|0.00|0.00|12185.74|0.00|0.00|0.00|0.00|0.00|1|
20231231|4212102|0.00|0.00|7428.90|7428.90|7428.90|7428.90|0.00|0.00|0.00|0.00|0.00|0.00|0.00|0.00|0.00|0.00|1|
20231130|3952601|0.00|0.00|0.00|4021.96|0.00|4021.96|0.00|0.00|0.00|0.00|4021.96|0.00|0.00|0.00|0.00|0.00|1|
20231130|1213201|0.00|0.00|2245195.40|2365309.30|2245195.40|2365309.30|3807270220.10|0.00|0.00|0.00|0.00|0.00|0.00|0.00|0.00|0.00|1|
20230630|1213201|0.00|0.00|0.01|0.02|0.01|0.02|6310392.63|0.00|0.00|0.00|0.00|0.00|0.00|0.00|0.00|0.00|1|
20231231|1211102|0.00|0.00|944371.05|894499.00|944371.05|894499.00|415750862.88|0.00|0.00|0.00|49872.05|0.00|0.00|0.00|0.00|0.00|1|
20231130|4031102|0.00|0.00|10.00|10.00|10.00|10.00|0.00|0.00|0.00|0.00|0.00|0.00|0.00|0.00|0.00|0.00|1|
20231130|1413102|0.00|0.00|53624.95|46082.00|53624.95|46082.00|2513416.14|0.00|0.00|0.00|7542.95|0.00|0.00|0.00|0.00|0.00|1|
20231031|1221103|0.00|0.00|1419.82|0.00|1419.82|0.00|296915.08|0.00|0.00|0.00|1419.82|0.00|0.00|0.00|0.00|0.00|1|
20231231|6221106|0.00|0.00|3255.67|0.00|3255.67|0.00|73127.01|0.00|0.00|0.00|0.00|0.00|0.00|0.00|0.00|0.00|1|
20231130|6314101|0.00|0.00|6545.77|0.00|6545.77|0.00|10590607.29|0.00|0.00|0.00|0.00|0.00|0.00|0.00|0.00|0.00|1|
20231130|6329105|0.00|0.00|3737.00|0.00|3737.00|0.00|20348.00|0.00|0.00|0.00|0.00|0.00|0.00|0.00|0.00|0.00|1|
20231231|6343109|0.00|0.00|97.46|0.00|97.46|0.00|3841.40|0.00|0.00|0.00|0.00|0.00|0.00|0.00|0.00|0.00|1|
20231130|6371105|0.00|0.00|16859.20|0.00|16859.20|0.00|279919.88|0.00|0.00|0.00|0.00|0.00|0.00|0.00|0.00|0.00|1|
20231130|6393108|0.00|0.00|967.83|0.00|967.83|0.00|12634.20|0.00|0.00|0.00|0.00|0.00|0.00|0.00|0.00|0.00|1|
20231231|6393112|0.00|0.00|313.89|0.00|313.89|0.00|1783.95|0.00|0.00|0.00|0.00|0.00|0.00|0.00|0.00|0.00|1|
20231031|6841101|0.00|0.00|324484.85|0.00|324484.85|0.00|1616859.96|0.00|0.00|0.00|0.00|0.00|0.00|0.00|0.00|0.00|1|
20231130|6561105|0.00|0.00|2525.92|0.00|2525.92|0.00|663324.72|0.00|0.00|0.00|0.00|0.00|0.00|0.00|0.00|0.00|1|
20231031|6593112|0.00|0.00|74125.32|0.00|74125.32|0.00|202524.58|0.00|0.00|0.00|0.00|0.00|0.00|0.00|0.00|0.00|1|
20231231|1041102|0.00|0.00|517796.20|446701.20|517796.20|446701.20|58341432.06|0.00|0.00|0.00|71095.00|0.00|0.00|0.00|0.00|0.00|1|
20231231|1221203|0.00|0.00|275162.59|288988.86|275162.59|288988.86|230081834.32|0.00|0.00|0.00|0.00|0.00|0.00|0.00|0.00|0.00|1|
20231031|6211102|0.00|0.00|60577.50|0.00|60577.50|0.00|2932102.13|0.00|0.00|0.00|0.00|0.00|0.00|0.00|0.00|0.00|1|
20231130|6275104|0.00|0.00|1017.19|1016.92|1017.19|1016.92|7774295.10|0.00|0.00|0.00|0.00|0.00|0.00|0.00|0.00|0.00|1|
20231231|6275104|0.00|0.00|1898.32|0.00|1898.32|0.00|7256008.76|0.00|0.00|0.00|0.00|0.00|0.00|0.00|0.00|0.00|1|
20231231|6221105|0.00|0.00|691162.07|0.00|691162.07|0.00|24693759.00|0.00|0.00|0.00|0.00|0.00|0.00|0.00|0.00|0.00|1|
20231130|6273102|0.00|0.00|394.44|0.00|394.44|0.00|53610.00|0.00|0.00|0.00|0.00|0.00|0.00|0.00|0.00|0.00|1|
20231231|6329104|0.00|0.00|369302.84|0.00|369302.84|0.00|68576184.56|0.00|0.00|0.00|0.00|0.00|0.00|0.00|0.00|0.00|1|
20231231|4699105|0.00|0.00|20117.25|4779.26|20117.25|4779.26|0.00|0.00|0.00|0.00|0.00|0.00|0.00|0.00|0.00|0.00|1|
20231231|4699107|0.00|0.00|1055.00|3691.00|1055.00|3691.00|0.00|0.00|0.00|0.00|0.00|2636.00|0.00|0.00|0.00|0.00|1|
20231031|6367101|0.00|0.00|792.20|0.00|792.20|0.00|1029.88|0.00|0.00|0.00|0.00|0.00|0.00|0.00|0.00|0.00|1|
20231031|6214102|0.00|0.00|431770.18|0.00|431770.18|0.00|18013664.97|0.00|0.00|0.00|0.00|0.00|0.00|0.00|0.00|0.00|1|
20231231|6373101|0.00|0.00|41703.14|20000.00|41703.14|20000.00|917371.20|0.00|0.00|0.00|0.00|0.00|0.00|0.00|0.00|0.00|1|
20231130|6329102|0.00|0.00|267.29|0.00|267.29|0.00|11577.26|0.00|0.00|0.00|0.00|0.00|0.00|0.00|0.00|0.00|1|
20231231|6393103|0.00|0.00|5755.15|0.00|5755.15|0.00|9295.49|0.00|0.00|0.00|0.00|0.00|0.00|0.00|0.00|0.00|1|
20231031|6356101|0.00|0.00|133870.86|0.00|133870.86|0.00|576428.16|0.00|0.00|0.00|0.00|0.00|0.00|0.00|0.00|0.00|1|
20231231|6561103|0.00|0.00|69.32|0.00|69.32|0.00|22082.31|0.00|0.00|0.00|0.00|0.00|0.00|0.00|0.00|0.00|1|
20231231|6364106|0.00|0.00|4625.00|2220.00|4625.00|2220.00|355083.72|0.00|0.00|0.00|0.00|0.00|0.00|0.00|0.00|0.00|1|
20231231|6393116|0.00|0.00|12176.69|4978.39|12176.69|4978.39|34951.35|0.00|0.00|0.00|0.00|0.00|0.00|0.00|0.00|0.00|1|
20231031|5911101|0.00|0.00|0.00|23656559.80|0.00|23656559.80|0.00|0.00|0.00|0.00|0.00|23656559.80|0.00|0.00|0.00|0.00|1|
20231231|6251104|0.00|0.00|2523.00|0.00|2523.00|0.00|30630.00|0.00|0.00|0.00|0.00|0.00|0.00|0.00|0.00|0.00|1|
20231031|6311201|0.00|0.00|272746.93|0.00|272746.93|0.00|17369155.50|0.00|0.00|0.00|0.00|0.00|0.00|0.00|0.00|0.00|1|
20231130|6315101|0.00|0.00|293.00|0.00|293.00|0.00|174787.74|0.00|0.00|0.00|0.00|0.00|0.00|0.00|0.00|0.00|1|
20231231|6315101|0.00|0.00|1985.97|0.00|1985.97|0.00|932201.28|0.00|0.00|0.00|0.00|0.00|0.00|0.00|0.00|0.00|1|
20231130|6432101|0.00|0.00|4227.47|0.00|4227.47|0.00|180614.46|0.00|0.00|0.00|0.00|0.00|0.00|0.00|0.00|0.00|1|
20231231|6432101|0.00|0.00|4227.47|0.00|4227.47|0.00|180614.46|0.00|0.00|0.00|0.00|0.00|0.00|0.00|0.00|0.00|1|
20231130|3952702|0.00|0.00|0.00|9174.75|0.00|9174.75|0.00|0.00|0.00|0.00|9174.75|0.00|0.00|0.00|0.00|0.00|1|
20231031|1821103|0.00|0.00|385.65|0.00|385.65|0.00|0.00|0.00|0.00|0.00|385.65|0.00|0.00|0.00|0.00|0.00|1|
20231130|1821103|0.00|0.00|0.00|385.65|0.00|385.65|0.00|0.00|0.00|0.00|0.00|0.00|0.00|0.00|0.00|0.00|1|
20231130|6361101|0.00|0.00|31585.37|18326.23|31585.37|18326.23|1579727.92|0.00|0.00|0.00|0.00|0.00|0.00|0.00|0.00|0.00|1|
20231031|6363101|0.00|0.00|12044.92|0.00|12044.92|0.00|13592.71|0.00|0.00|0.00|0.00|0.00|0.00|0.00|0.00|0.00|1|
20231231|6371103|0.00|0.00|42600.00|0.00|42600.00|0.00|141000.00|0.00|0.00|0.00|0.00|0.00|0.00|0.00|0.00|0.00|1|
20231130|6373102|0.00|0.00|115267.20|0.00|115267.20|0.00|6234464.39|0.00|0.00|0.00|0.00|0.00|0.00|0.00|0.00|0.00|1|
20231130|6393114|0.00|0.00|8631.37|6000.00|8631.37|6000.00|27812737.08|0.00|0.00|0.00|0.00|0.00|0.00|0.00|0.00|0.00|1|
20231231|4115101|0.00|0.00|100553.65|72613.32|100553.65|72613.32|0.00|0.00|0.00|0.00|0.00|0.00|0.00|0.00|0.00|0.00|1|
20231031|6531103|0.00|0.00|24721.44|0.00|24721.44|0.00|240681.96|0.00|0.00|0.00|0.00|0.00|0.00|0.00|0.00|0.00|1|
20231231|4241201|0.00|0.00|3495.64|2119.68|3495.64|2119.68|0.00|0.00|0.00|0.00|0.00|0.00|0.00|0.00|0.00|0.00|1|
20231031|1411101|0.00|0.00|25505.94|0.00|25505.94|0.00|25739.76|0.00|0.00|0.00|25505.94|0.00|0.00|0.00|0.00|0.00|1|
20231130|4891101|0.00|0.00|0.00|43333.33|0.00|43333.33|0.00|0.00|0.00|0.00|0.00|43333.33|0.00|0.00|0.00|0.00|1|
20231031|6212101|0.00|0.00|91497.00|0.00|91497.00|0.00|121543.00|0.00|0.00|0.00|0.00|0.00|0.00|0.00|0.00|0.00|1|
20231231|6214101|0.00|0.00|185532.28|0.00|185532.28|0.00|99733748.16|0.00|0.00|0.00|0.00|0.00|0.00|0.00|0.00|0.00|1|
20231031|6275103|0.00|0.00|92512.06|0.00|92512.06|0.00|4429097.40|0.00|0.00|0.00|0.00|0.00|0.00|0.00|0.00|0.00|1|
20231130|6311101|0.00|0.00|939.14|0.00|939.14|0.00|20274.36|0.00|0.00|0.00|0.00|0.00|0.00|0.00|0.00|0.00|1|
20231031|7032121|0.00|0.00|83791.74|601288.29|83791.74|601288.29|0.00|0.00|0.00|0.00|0.00|0.00|0.00|517496.55|0.00|0.00|1|
20231231|6561102|0.00|0.00|55673.28|0.00|55673.28|0.00|32754327.53|0.00|0.00|0.00|0.00|0.00|0.00|0.00|0.00|0.00|1|
20231031|4699106|0.00|0.00|0.00|70016.27|0.00|70016.27|0.00|0.00|0.00|0.00|0.00|70016.27|0.00|0.00|0.00|0.00|1|
20231130|4017201|0.00|0.00|19.20|608.35|19.20|608.35|0.00|0.00|0.00|0.00|0.00|589.15|0.00|0.00|0.00|0.00|1|
20231231|4017201|0.00|0.00|0.00|625.01|0.00|625.01|0.00|0.00|0.00|0.00|0.00|625.01|0.00|0.00|0.00|0.00|1|
20231231|7791101|0.00|0.00|0.00|120.08|0.00|120.08|0.00|0.00|0.00|0.00|0.00|0.00|0.00|120.08|0.00|0.00|1|
20231231|3961101|0.00|0.00|0.00|1545.84|0.00|1545.84|0.00|0.00|0.00|0.00|1545.84|0.00|0.00|0.00|0.00|0.00|1|
20231130|3961301|0.00|0.00|0.00|21561.35|0.00|21561.35|0.00|0.00|0.00|0.00|21561.35|0.00|0.00|0.00|0.00|0.00|1|
20231031|4031101|0.00|0.00|0.00|67907.53|0.00|67907.53|0.00|0.00|0.00|0.00|0.00|67907.53|0.00|0.00|0.00|0.00|1|
20231031|3200|0.00|0.00|15652702.64|15652702.82|15652702.64|15652702.82|0.00|0.00|0.00|0.00|0.00|0.00|0.00|0.00|0.00|0.00|1|
20231031|4211103|0.00|0.00|0.00|502913.08|0.00|502913.08|0.00|0.00|0.00|0.00|0.00|502913.08|0.00|0.00|0.00|0.00|1|
20231231|4211103|0.00|0.00|438260.45|667238.64|438260.45|667238.64|0.00|0.00|0.00|0.00|0.00|228978.19|0.00|0.00|0.00|0.00|1|
20231031|1821106|0.00|0.00|5263.93|0.00|5263.93|0.00|3085.27|0.00|0.00|0.00|5263.93|0.00|0.00|0.00|0.00|0.00|1|
20231130|1821106|0.00|0.00|0.00|952.72|0.00|952.72|64790.67|0.00|0.00|0.00|0.00|0.00|0.00|0.00|0.00|0.00|1|
20231130|4011201|0.00|0.00|5198.00|5198.00|5198.00|5198.00|0.00|0.00|0.00|0.00|0.00|0.00|0.00|0.00|0.00|0.00|1|
20231231|1911201|0.00|0.00|2169.89|1732.55|2169.89|1732.55|0.00|0.00|0.00|0.00|0.00|0.00|0.00|0.00|0.00|0.00|1|
20231130|1911201|0.00|0.00|1732.55|0.00|1732.55|0.00|0.00|0.00|0.00|0.00|0.00|0.00|0.00|0.00|0.00|0.00|1|
20231231|4221202|0.00|0.00|92068.96|104122.98|92068.96|104122.98|0.00|0.00|0.00|0.00|0.00|12054.02|0.00|0.00|0.00|0.00|1|
20231031|3321101|0.00|0.00|6902151.90|0.00|6902151.90|0.00|9775108.42|0.00|0.00|0.00|6902151.90|0.00|0.00|0.00|0.00|0.00|1|
20231031|3363101|0.00|0.00|182026.58|0.00|182026.58|0.00|182026.58|0.00|0.00|0.00|182026.58|0.00|0.00|0.00|0.00|0.00|1|
20231231|4171101|0.00|0.00|75605.05|75605.05|75605.05|75605.05|0.00|0.00|0.00|0.00|0.00|0.00|0.00|0.00|0.00|0.00|1|
20231130|4111101|0.00|0.00|795328.67|817641.16|795328.67|817641.16|88028.38|0.00|0.00|0.00|0.00|22312.49|0.00|0.00|0.00|0.00|1|
20231130|4212102|0.00|0.00|15258.04|15258.04|15258.04|15258.04|0.00|0.00|0.00|0.00|0.00|0.00|0.00|0.00|0.00|0.00|1|
20231231|3952601|0.00|0.00|0.00|4021.96|0.00|4021.96|0.00|0.00|0.00|0.00|4021.96|0.00|0.00|0.00|0.00|0.00|1|
20231031|1211102|0.00|0.00|1065010.08|0.00|1065010.08|0.00|224461237.14|0.00|0.00|0.00|1065010.08|0.00|0.00|0.00|0.00|0.00|1|
20231031|1413102|0.00|0.00|28992.90|704.85|28992.90|704.85|702675.48|0.00|0.00|0.00|28288.05|0.00|0.00|0.00|0.00|0.00|1|
20231031|1821108|0.00|0.00|348.15|0.00|348.15|0.00|208.89|0.00|0.00|0.00|348.15|0.00|0.00|0.00|0.00|0.00|1|
20231130|1821108|0.00|0.00|0.00|69.63|0.00|69.63|417.78|0.00|0.00|0.00|0.00|0.00|0.00|0.00|0.00|0.00|1|
20231031|4114101|0.00|0.00|0.00|572215.80|0.00|572215.80|0.00|0.00|0.00|0.00|0.00|572215.80|0.00|0.00|0.00|0.00|1|
20231130|4241101|0.00|0.00|14400.00|22020.00|14400.00|22020.00|0.00|0.00|0.00|0.00|0.00|7620.00|0.00|0.00|0.00|0.00|1|
20231130|1221103|0.00|0.00|167384.59|60737.24|167384.59|60737.24|59383016.00|0.00|0.00|0.00|106647.35|0.00|0.00|0.00|0.00|0.00|1|
20231031|4212201|0.00|0.00|6672.85|1110915.31|6672.85|1110915.31|0.00|0.00|0.00|0.00|0.00|1104242.46|0.00|0.00|0.00|0.00|1|
20231231|4212201|0.00|0.00|1494600.51|1957577.28|1494600.51|1957577.28|0.00|0.00|0.00|0.00|0.00|462976.77|0.00|0.00|0.00|0.00|1|
20230930|4212201|0.00|0.00|0.00|0.02|0.00|0.02|0.00|0.00|0.00|0.00|0.00|0.02|0.00|0.00|0.00|0.00|1|
20231231|6314101|0.00|0.00|18519.57|0.00|18519.57|0.00|35576214.78|0.00|0.00|0.00|0.00|0.00|0.00|0.00|0.00|0.00|1|
20231130|6343109|0.00|0.00|161.01|0.00|161.01|0.00|5762.10|0.00|0.00|0.00|0.00|0.00|0.00|0.00|0.00|0.00|1|
20231231|6371101|0.00|0.00|3000.00|0.00|3000.00|0.00|17790.80|0.00|0.00|0.00|0.00|0.00|0.00|0.00|0.00|0.00|1|
20231031|6861101|0.00|0.00|12407.94|0.00|12407.94|0.00|134248.68|0.00|0.00|0.00|0.00|0.00|0.00|0.00|0.00|0.00|1|
20231231|6593112|0.00|0.00|8373.55|0.00|8373.55|0.00|506311.45|0.00|0.00|0.00|0.00|0.00|0.00|0.00|0.00|0.00|1|
20231130|6861301|0.00|0.00|21561.35|0.00|21561.35|0.00|2031926.52|0.00|0.00|0.00|0.00|0.00|0.00|0.00|0.00|0.00|1|
20231130|1041102|0.00|0.00|399004.08|453929.08|399004.08|453929.08|73193470.32|0.00|0.00|0.00|0.00|0.00|0.00|0.00|0.00|0.00|1|
20231231|1061101|0.00|0.00|9.93|367018.50|9.93|367018.50|3009.00|0.00|0.00|0.00|0.00|0.00|0.00|0.00|0.00|0.00|1|
20231231|1041201|0.00|0.00|1707345.47|1435826.72|1707345.47|1435826.72|110133108.99|0.00|0.00|0.00|271518.75|0.00|0.00|0.00|0.00|0.00|1|
20231130|6251103|0.00|0.00|14118.85|0.00|14118.85|0.00|1628970.10|0.00|0.00|0.00|0.00|0.00|0.00|0.00|0.00|0.00|1|
20231031|6275104|0.00|0.00|10389.10|0.00|10389.10|0.00|2591431.70|0.00|0.00|0.00|0.00|0.00|0.00|0.00|0.00|0.00|1|
20231031|6221103|0.00|0.00|44371.80|0.00|44371.80|0.00|1536176.88|0.00|0.00|0.00|0.00|0.00|0.00|0.00|0.00|0.00|1|
20231130|6221109|0.00|0.00|300.00|0.00|300.00|0.00|4200.00|0.00|0.00|0.00|0.00|0.00|0.00|0.00|0.00|0.00|1|
20231130|6241102|0.00|0.00|12713.04|0.00|12713.04|0.00|1638470.89|0.00|0.00|0.00|0.00|0.00|0.00|0.00|0.00|0.00|1|
20231031|6241102|0.00|0.00|199800.01|0.00|199800.01|0.00|4681345.40|0.00|0.00|0.00|0.00|0.00|0.00|0.00|0.00|0.00|1|
20231031|1221201|0.00|0.00|0.00|5763.80|0.00|5763.80|0.00|0.00|0.00|0.00|0.00|0.00|0.00|0.00|0.00|0.00|1|
20231231|4699103|0.00|0.00|381.00|26.00|381.00|26.00|0.00|0.00|0.00|0.00|0.00|0.00|0.00|0.00|0.00|0.00|1|
20231231|6393118|0.00|0.00|206641.59|0.00|206641.59|0.00|2700403.90|0.00|0.00|0.00|0.00|0.00|0.00|0.00|0.00|0.00|1|
20231130|6371108|0.00|0.00|9598.00|0.00|9598.00|0.00|92422.92|0.00|0.00|0.00|0.00|0.00|0.00|0.00|0.00|0.00|1|
20231231|6214102|0.00|0.00|3316.30|0.00|3316.30|0.00|486855.81|0.00|0.00|0.00|0.00|0.00|0.00|0.00|0.00|0.00|1|
20231031|6391101|0.00|0.00|4648.67|0.00|4648.67|0.00|13685.56|0.00|0.00|0.00|0.00|0.00|0.00|0.00|0.00|0.00|1|
20231130|6393109|0.00|0.00|83809.72|0.00|83809.72|0.00|2362678.44|0.00|0.00|0.00|0.00|0.00|0.00|0.00|0.00|0.00|1|
20231231|6393115|0.00|0.00|294944.06|10366.25|294944.06|10366.25|32986211.72|0.00|0.00|0.00|0.00|0.00|0.00|0.00|0.00|0.00|1|
20231031|6329106|0.00|0.00|519149.00|0.00|519149.00|0.00|621998.25|0.00|0.00|0.00|0.00|0.00|0.00|0.00|0.00|0.00|1|
20231231|7721101|0.00|0.00|0.00|50881.50|0.00|50881.50|0.00|0.00|0.00|0.00|0.00|0.00|0.00|50881.50|0.00|0.00|1|
20231231|6356103|0.00|0.00|15651.45|0.00|15651.45|0.00|221387.67|0.00|0.00|0.00|0.00|0.00|0.00|0.00|0.00|0.00|1|
20231031|6321103|0.00|0.00|74115.00|0.00|74115.00|0.00|119488.50|0.00|0.00|0.00|0.00|0.00|0.00|0.00|0.00|0.00|1|
20231231|6861201|0.00|0.00|375.26|102.50|375.26|102.50|5821.56|0.00|0.00|0.00|0.00|0.00|0.00|0.00|0.00|0.00|1|
20231231|6354102|0.00|0.00|17188.50|0.00|17188.50|0.00|604350.92|0.00|0.00|0.00|0.00|0.00|0.00|0.00|0.00|0.00|1|
20231231|6561107|0.00|0.00|3335.37|0.00|3335.37|0.00|735599.04|0.00|0.00|0.00|0.00|0.00|0.00|0.00|0.00|0.00|1|
20231130|6364102|0.00|0.00|20008.17|9163.84|20008.17|9163.84|6434762.31|0.00|0.00|0.00|0.00|0.00|0.00|0.00|0.00|0.00|1|
20231231|6364102|0.00|0.00|16249.17|6242.72|16249.17|6242.72|15897648.06|0.00|0.00|0.00|0.00|0.00|0.00|0.00|0.00|0.00|1|
20231231|7032111|0.00|0.00|303037.55|4495423.92|303037.55|4495423.92|0.00|0.00|0.00|0.00|0.00|0.00|0.00|4192386.37|0.00|0.00|1|
20231231|4699102|0.00|0.00|0.01|2469.01|0.01|2469.01|0.00|0.00|0.00|0.00|0.00|2469.00|0.00|0.00|0.00|0.00|1|
20231031|6211101|0.00|0.00|8170204.41|0.00|8170204.41|0.00|411205680.11|0.00|0.00|0.00|0.00|0.00|0.00|0.00|0.00|0.00|1|
20231231|6275101|0.00|0.00|108184.36|10908.68|108184.36|10908.68|115155344.19|0.00|0.00|0.00|0.00|0.00|0.00|0.00|0.00|0.00|1|
20231231|6274101|0.00|0.00|4366.71|0.00|4366.71|0.00|3659283.90|0.00|0.00|0.00|0.00|0.00|0.00|0.00|0.00|0.00|1|
20231130|6352104|0.00|0.00|148927.47|74463.74|148927.47|74463.74|73128232.32|0.00|0.00|0.00|0.00|0.00|0.00|0.00|0.00|0.00|1|
20231231|3952702|0.00|0.00|0.00|9175.59|0.00|9175.59|0.00|0.00|0.00|0.00|9175.59|0.00|0.00|0.00|0.00|0.00|1|
20231031|6361101|0.00|0.00|156434.09|0.00|156434.09|0.00|197465.99|0.00|0.00|0.00|0.00|0.00|0.00|0.00|0.00|0.00|1|
20231031|1891102|0.00|0.00|85433.82|0.00|85433.82|0.00|669374.00|0.00|0.00|0.00|85433.82|0.00|0.00|0.00|0.00|0.00|1|
20231231|6391102|0.00|0.00|6943.65|1028.02|6943.65|1028.02|10054860.18|0.00|0.00|0.00|0.00|0.00|0.00|0.00|0.00|0.00|1|
20231231|6393106|0.00|0.00|250754.72|125377.33|250754.72|125377.33|136515453.34|0.00|0.00|0.00|0.00|0.00|0.00|0.00|0.00|0.00|1|
20231231|6393114|0.00|0.00|2251.01|593.22|2251.01|593.22|37083649.44|0.00|0.00|0.00|0.00|0.00|0.00|0.00|0.00|0.00|1|
20231231|4171104|0.00|0.00|17606.72|17606.72|17606.72|17606.72|0.00|0.00|0.00|0.00|0.00|0.00|0.00|0.00|0.00|0.00|1|
20231031|4211101|0.00|0.00|0.00|265311.38|0.00|265311.38|0.00|0.00|0.00|0.00|0.00|265311.38|0.00|0.00|0.00|0.00|1|
20231231|4211101|0.00|0.00|235337.97|291361.80|235337.97|291361.80|0.00|0.00|0.00|0.00|0.00|56023.83|0.00|0.00|0.00|0.00|1|
20231231|6531103|0.00|0.00|27319.84|0.00|27319.84|0.00|240681.96|0.00|0.00|0.00|0.00|0.00|0.00|0.00|0.00|0.00|1|
20231130|1211101|0.00|0.00|461055.49|619739.34|461055.49|619739.34|118662542.56|0.00|0.00|0.00|0.00|0.00|0.00|0.00|0.00|0.00|1|
20231130|6591101|0.00|0.00|101.70|0.00|101.70|0.00|1057898.47|0.00|0.00|0.00|0.00|0.00|0.00|0.00|0.00|0.00|1|
20231130|6593103|0.00|0.00|81806.17|0.00|81806.17|0.00|38007954.74|0.00|0.00|0.00|0.00|0.00|0.00|0.00|0.00|0.00|1|
20231231|6593103|0.00|0.00|114820.60|4392.73|114820.60|4392.73|18490356.36|0.00|0.00|0.00|0.00|0.00|0.00|0.00|0.00|0.00|1|
20231130|1411101|0.00|0.00|2878.24|4041.08|2878.24|4041.08|386096.40|0.00|0.00|0.00|0.00|0.00|0.00|0.00|0.00|0.00|1|
20231130|6841501|0.00|0.00|14699.00|0.00|14699.00|0.00|7515210.40|0.00|0.00|0.00|0.00|0.00|0.00|0.00|0.00|0.00|1|
20231130|7761101|0.00|0.00|0.00|82418.39|0.00|82418.39|0.00|0.00|0.00|0.00|0.00|0.00|0.00|82418.39|0.00|0.00|1|
20231031|1811101|0.00|0.00|1886691.80|0.00|1886691.80|0.00|1836539.61|0.00|0.00|0.00|1886691.80|0.00|0.00|0.00|0.00|0.00|1|
20231130|1821107|0.00|0.00|0.00|2556.55|0.00|2556.55|1639645.15|0.00|0.00|0.00|0.00|0.00|0.00|0.00|0.00|0.00|1|
20231231|6241101|0.00|0.00|25000.00|0.00|25000.00|0.00|153678.10|0.00|0.00|0.00|0.00|0.00|0.00|0.00|0.00|0.00|1|
20231031|6291101|0.00|0.00|979651.33|0.00|979651.33|0.00|48347469.69|0.00|0.00|0.00|0.00|0.00|0.00|0.00|0.00|0.00|1|
20231130|6291101|0.00|0.00|100674.44|4816.96|100674.44|4816.96|69254483.61|0.00|0.00|0.00|0.00|0.00|0.00|0.00|0.00|0.00|1|
20231231|6311101|0.00|0.00|1513.19|0.00|1513.19|0.00|182469.24|0.00|0.00|0.00|0.00|0.00|0.00|0.00|0.00|0.00|1|
20231031|6313101|0.00|0.00|103356.28|0.00|103356.28|0.00|2138158.34|0.00|0.00|0.00|0.00|0.00|0.00|0.00|0.00|0.00|1|
20231031|6561102|0.00|0.00|148491.55|0.00|148491.55|0.00|1460384.03|0.00|0.00|0.00|0.00|0.00|0.00|0.00|0.00|0.00|1|
20231031|1041202|0.00|0.00|57720.84|0.00|57720.84|0.00|276176.48|0.00|0.00|0.00|57720.84|0.00|0.00|0.00|0.00|0.00|1|
20231130|6593115|0.00|0.00|1885.36|377.50|1885.36|377.50|287474.30|0.00|0.00|0.00|0.00|0.00|0.00|0.00|0.00|0.00|1|
20231231|6593115|0.00|0.00|45128.59|0.00|45128.59|0.00|172484.58|0.00|0.00|0.00|0.00|0.00|0.00|0.00|0.00|0.00|1|
20231231|1061202|0.00|0.00|1265343.33|1235916.00|1265343.33|1235916.00|25160437.64|0.00|0.00|0.00|29427.33|0.00|0.00|0.00|0.00|0.00|1|
20231231|1041101|0.00|0.00|6049845.09|5633376.39|6049845.09|5633376.39|0.00|0.00|0.00|0.00|416468.70|0.00|0.00|0.00|0.00|0.00|1|
20231231|1061102|0.00|0.00|41532.71|385211.08|41532.71|385211.08|2879762.43|0.00|0.00|0.00|0.00|0.00|0.00|0.00|0.00|0.00|1|
20231231|4699108|0.00|0.00|16014.46|300.90|16014.46|300.90|0.00|0.00|0.00|0.00|0.00|0.00|0.00|0.00|0.00|0.00|1|
20231031|7791101|0.00|0.00|0.00|4204.93|0.00|4204.93|0.00|0.00|0.00|0.00|0.00|0.00|0.00|4204.93|0.00|0.00|1|
20231130|3491101|0.00|0.00|14634.54|14634.54|14634.54|14634.54|2285026.78|0.00|0.00|0.00|0.00|0.00|0.00|0.00|0.00|0.00|1|
20231231|4017301|0.00|0.00|140364.24|252211.78|140364.24|252211.78|0.00|0.00|0.00|0.00|0.00|111847.54|0.00|0.00|0.00|0.00|1|
20231231|4031101|0.00|0.00|68593.00|72776.35|68593.00|72776.35|0.00|0.00|0.00|0.00|0.00|4183.35|0.00|0.00|0.00|0.00|1|
20231031|4151101|0.00|0.00|0.00|572859.92|0.00|572859.92|0.00|0.00|0.00|0.00|0.00|572859.92|0.00|0.00|0.00|0.00|1|
20231130|3431101|0.00|0.00|101969.02|0.00|101969.02|0.00|8147094.42|0.00|0.00|0.00|101969.02|0.00|0.00|0.00|0.00|0.00|1|
20231231|4171102|0.00|0.00|12135.53|12135.53|12135.53|12135.53|0.00|0.00|0.00|0.00|0.00|0.00|0.00|0.00|0.00|0.00|1|
